Crime ID,Month,Reported by,Falls within,Longitude,Latitude,Location,LSOA code,LSOA name,Crime type,Last outcome category,Context
09c3132b55bb2ca28dfd258b91b54097d849d811d9a0290ba37989ade65c7758,2021-08,City of London Police,City of London Police,-0.107054,51.521463,On or near Saffron Street,E01000916,Camden 027B,Drugs,Status update unavailable,
146e7f6c4935aa714af84665ddeaefab978ab0ad14263a65588b352bb8dd381f,2021-08,City of London Police,City of London Police,-0.111497,51.518226,On or near Pedestrian Subway,E01000914,Camden 028B,Drugs,Offender given a drugs possession warning,
f44204445f5acf733459054b34fa9b6ea52aa74bdb608a5c9092d5156d027094,2021-08,City of London Police,City of London Police,-0.111497,51.518226,On or near Pedestrian Subway,E01000914,Camden 028B,Public order,Status update unavailable,
,2021-08,City of London Police,City of London Police,-0.097562,51.518864,On or near Parking Area,E01000001,City of London 001A,Anti-social behaviour,,
a02faf61c9b41479cc575f1147a5413ea203794dc4d8dec91c45e18d04210fe2,2021-08,City of London Police,City of London Police,-0.097562,51.518864,On or near Parking Area,E01000001,City of London 001A,Bicycle theft,Status update unavailable,
27e7e640a0f37ad4921ba72bcd837d698cdf078b5bbb1ab35d097b7f6651c5e9,2021-08,City of London Police,City of London Police,-0.097736,51.520206,On or near Conference/Exhibition Centre,E01000001,City of London 001A,Bicycle theft,Investigation complete; no suspect identified,
e166f71642b15b6fbe3ada724ee210556f19a97c9f9996322640c34f8989a742,2021-08,City of London Police,City of London Police,-0.095960,51.517534,On or near London Wall,E01000001,City of London 001A,Bicycle theft,Investigation complete; no suspect identified,
68ebd67b5eb777965e5a8b782a367df48a891ceba110712c10f7d457a57e47f5,2021-08,City of London Police,City of London Police,-0.098062,51.517577,On or near Montague Street,E01000001,City of London 001A,Criminal damage and arson,Status update unavailable,
3bc372f78288e6e8451cedc3f849e86899da562413725b140850e05c44dad324,2021-08,City of London Police,City of London Police,-0.097601,51.520699,On or near Carthusian Street,E01000001,City of London 001A,Drugs,Status update unavailable,
0771b135e755f16a5cec463b93121d297543d68578dc6bccbe1e37a23824e770,2021-08,City of London Police,City of London Police,-0.097562,51.518864,On or near Parking Area,E01000001,City of London 001A,Theft from the person,Investigation complete; no suspect identified,
09adc70938a9fd4988c0d21e9b24cc2766e53541b8823daabeef638858bee59d,2021-08,City of London Police,City of London Police,-0.098062,51.517577,On or near Montague Street,E01000001,City of London 001A,Theft from the person,Investigation complete; no suspect identified,
340d95e6d2c51c2ecb5f34efbce1b4dbb52143a806ae0098dbb33c720420c103,2021-08,City of London Police,City of London Police,-0.098572,51.516767,On or near King Edward Street,E01000001,City of London 001A,Theft from the person,Investigation complete; no suspect identified,
c32b0963b1d90f25b6b9069227bd626c58d0e806a96b5be855ce2e438e52786c,2021-08,City of London Police,City of London Police,-0.097053,51.518262,On or near Aldersgate Street,E01000001,City of London 001A,Vehicle crime,Investigation complete; no suspect identified,
908522a664702d1b96efe5e27fbfd9cab60f0a1962e2acbc3c57d9e1f62794c9,2021-08,City of London Police,City of London Police,-0.097053,51.518262,On or near Aldersgate Street,E01000001,City of London 001A,Vehicle crime,Investigation complete; no suspect identified,
4aea708e4e1c54d7e79148a81a8d2f74466848a195801c8d57aa05837d8bfe7a,2021-08,City of London Police,City of London Police,-0.097053,51.518262,On or near Aldersgate Street,E01000001,City of London 001A,Vehicle crime,Investigation complete; no suspect identified,
527d0044242d852e005f088591fc674e876e5a865cef2782ccad92d6138f04fb,2021-08,City of London Police,City of London Police,-0.097053,51.518262,On or near Aldersgate Street,E01000001,City of London 001A,Vehicle crime,Investigation complete; no suspect identified,
,2021-08,City of London Police,City of London Police,-0.092517,51.520580,On or near Whitecross Street,E01000002,City of London 001B,Anti-social behaviour,,
,2021-08,City of London Police,City of London Police,-0.093948,51.518077,On or near Monkwell Square,E01000002,City of London 001B,Anti-social behaviour,,
,2021-08,City of London Police,City of London Police,-0.094546,51.520658,On or near Beech Street,E01000002,City of London 001B,Anti-social behaviour,,
,2021-08,City of London Police,City of London Police,-0.093933,51.519812,On or near Conference/Exhibition Centre,E01000002,City of London 001B,Anti-social behaviour,,
,2021-08,City of London Police,City of London Police,-0.093948,51.518077,On or near Monkwell Square,E01000002,City of London 001B,Anti-social behaviour,,
,2021-08,City of London Police,City of London Police,-0.092628,51.517920,On or near St Alphage Garden,E01000002,City of London 001B,Anti-social behaviour,,
a02faf61c9b41479cc575f1147a5413ea203794dc4d8dec91c45e18d04210fe2,2021-08,City of London Police,City of London Police,-0.095026,51.518499,On or near Park/Open Space,E01000002,City of London 001B,Bicycle theft,Investigation complete; no suspect identified,
9fadc5b041ef81a58fc30c5e99fc760402ecc89d8dad3921bc8fb986226e14a9,2021-08,City of London Police,City of London Police,-0.090348,51.519358,On or near Moor Lane,E01000002,City of London 001B,Bicycle theft,Investigation complete; no suspect identified,
dec6d781ec72620252e6ed6e460daf55c30ef30fd159186405fca8579354db6f,2021-08,City of London Police,City of London Police,-0.094115,51.516497,On or near Wood Street,E01000002,City of London 001B,Criminal damage and arson,Status update unavailable,
f5337437f5183a2ff4a08caaf02d090c5098cc8ddee52c247001a67baf36d580,2021-08,City of London Police,City of London Police,-0.094094,51.515606,On or near Gresham Street,E01000002,City of London 001B,Criminal damage and arson,Status update unavailable,
899f3e9fbcdd060f9f7aa3441eceaa7c87bc6e2ff737a149eadf0981e81256d4,2021-08,City of London Police,City of London Police,-0.095026,51.518499,On or near Park/Open Space,E01000002,City of London 001B,Other theft,Investigation complete; no suspect identified,
e5cf782c4f809b46798a6ecf3d0c5fb971ad896640051e09ea16b72c3c52036a,2021-08,City of London Police,City of London Police,-0.094094,51.515606,On or near Gresham Street,E01000002,City of London 001B,Other theft,Investigation complete; no suspect identified,
bcf68d18a931e14a4c02ed8e4e468de8d9428a1df6fa32af26e49cb3b66c4d54,2021-08,City of London Police,City of London Police,-0.089596,51.518743,On or near New Union Street,E01000002,City of London 001B,Other theft,Investigation complete; no suspect identified,
01370033a658d9fc91fb3a39580c392c56e0f8498c2d993b813d20c0194b2b04,2021-08,City of London Police,City of London Police,-0.095484,51.515467,On or near Gutter Lane,E01000002,City of London 001B,Public order,Investigation complete; no suspect identified,
d906f1559bcd1aa956ce203e0a793157e45b27b394eb8bbe577455e2b69f55d8,2021-08,City of London Police,City of London Police,-0.088621,51.518619,On or near Moorfields,E01000002,City of London 001B,Shoplifting,Investigation complete; no suspect identified,
a2628ae078f45e7ae2a4f937e0a1f13c2e7d87466d8234e65358030871c20bab,2021-08,City of London Police,City of London Police,-0.088621,51.518619,On or near Moorfields,E01000002,City of London 001B,Shoplifting,Investigation complete; no suspect identified,
509e7ad0ac4554b0833ea3bbfdd3ed3a98c099d0a994d9daef0d3489c9b1f4ed,2021-08,City of London Police,City of London Police,-0.088621,51.518619,On or near Moorfields,E01000002,City of London 001B,Shoplifting,Investigation complete; no suspect identified,
fb5afc29eec4556041e992fda5477e4bec42b80f77584ad3bd98f356165026f9,2021-08,City of London Police,City of London Police,-0.088621,51.518619,On or near Moorfields,E01000002,City of London 001B,Shoplifting,Investigation complete; no suspect identified,
3c8a575f86b6e0206620173b1e2eee986add9b25c566a9c2823aab2cee3f11fb,2021-08,City of London Police,City of London Police,-0.088621,51.518619,On or near Moorfields,E01000002,City of London 001B,Shoplifting,Investigation complete; no suspect identified,
96bc15cf9fca2cad5e6324c83ca7e1d1a1fc3d7b76ad64991ae5c6cdfa968f0b,2021-08,City of London Police,City of London Police,-0.094115,51.516497,On or near Wood Street,E01000002,City of London 001B,Theft from the person,Investigation complete; no suspect identified,
a7b166c21ec8e6cabb95d008541182db60f4ad26ac3df3f334c34ea78136053b,2021-08,City of London Police,City of London Police,-0.094546,51.520658,On or near Beech Street,E01000002,City of London 001B,Theft from the person,Status update unavailable,
13d3a8451ea5b2049158a6a7befb3502f311eeaaae7c5c29abb42e05d84764bc,2021-08,City of London Police,City of London Police,-0.088621,51.518619,On or near Moorfields,E01000002,City of London 001B,Theft from the person,Investigation complete; no suspect identified,
be820f4fedcad93ad78f52307c117b3a5aeefb2444410e3260d3f1a87871cba0,2021-08,City of London Police,City of London Police,-0.094094,51.515606,On or near Gresham Street,E01000002,City of London 001B,Theft from the person,Investigation complete; no suspect identified,
43ce9b5c1f99f217c4811aeabb05d88ab5c308961c42492bfb651b401081495b,2021-08,City of London Police,City of London Police,-0.094094,51.515606,On or near Gresham Street,E01000002,City of London 001B,Vehicle crime,Investigation complete; no suspect identified,
,2021-08,City of London Police,City of London Police,-0.096114,51.520747,On or near Park/Open Space,E01000003,City of London 001C,Anti-social behaviour,,
,2021-08,City of London Police,City of London Police,-0.094033,51.520875,On or near Shopping Area,E01000003,City of London 001C,Anti-social behaviour,,
,2021-08,City of London Police,City of London Police,-0.094033,51.520875,On or near Shopping Area,E01000003,City of London 001C,Anti-social behaviour,,
,2021-08,City of London Police,City of London Police,-0.074958,51.514151,On or near Aldgate High Street,E01000005,City of London 001E,Anti-social behaviour,,
,2021-08,City of London Police,City of London Police,-0.075196,51.512609,On or near St Clare Street,E01000005,City of London 001E,Anti-social behaviour,,
,2021-08,City of London Police,City of London Police,-0.076095,51.512462,On or near Vine Street,E01000005,City of London 001E,Anti-social behaviour,,
,2021-08,City of London Police,City of London Police,-0.076435,51.513627,On or near Aldgate,E01000005,City of London 001E,Anti-social behaviour,,
,2021-08,City of London Police,City of London Police,-0.076459,51.513061,On or near Further/Higher Educational Building,E01000005,City of London 001E,Anti-social behaviour,,
94854570837d863bbf43a8505f399ded7c5675a4aa5bae0f2c01c4fd72e38e31,2021-08,City of London Police,City of London Police,-0.076113,51.511014,On or near Conference/Exhibition Centre,E01000005,City of London 001E,Bicycle theft,Investigation complete; no suspect identified,
15b040701f14367dc9af8f4fb4ddd958a813c34e9130b85f5de1349e8bc12b1e,2021-08,City of London Police,City of London Police,-0.073515,51.510414,On or near Parking Area,E01000005,City of London 001E,Bicycle theft,Investigation complete; no suspect identified,
d60236e9027062a48c092804a8fcd9b2ce62614dfef8910b3c4d00612db9d38f,2021-08,City of London Police,City of London Police,-0.076095,51.512462,On or near Vine Street,E01000005,City of London 001E,Burglary,Investigation complete; no suspect identified,
1e33dc2880bcb3797d063c79b3ffbbf5a5d401ec0e855040b529a2fe4107f155,2021-08,City of London Police,City of London Police,-0.076270,51.515504,On or near Gravel Lane,E01000005,City of London 001E,Burglary,Investigation complete; no suspect identified,
0a8d80918453b97df69577bf8842da5199f5e2ce70014c84f4db498964b9ad27,2021-08,City of London Police,City of London Police,-0.076113,51.511014,On or near Conference/Exhibition Centre,E01000005,City of London 001E,Burglary,Unable to prosecute suspect,
53ba0f3408684f32f569efc902caebe3d451f9dfc5c6f33092e5607199a3534f,2021-08,City of London Police,City of London Police,-0.075722,51.511053,On or near Crescent,E01000005,City of London 001E,Criminal damage and arson,Investigation complete; no suspect identified,
9149a95a83cb924f5652d45a46b3dd0c6179723c035981a5e6c2cb554d246170,2021-08,City of London Police,City of London Police,-0.076270,51.515504,On or near Gravel Lane,E01000005,City of London 001E,Criminal damage and arson,Investigation complete; no suspect identified,
471689fd132b450a6f32d59c41e39d1fccb4123b10bd78a68b7cf41a3e7d8e0c,2021-08,City of London Police,City of London Police,-0.076095,51.512462,On or near Vine Street,E01000005,City of London 001E,Criminal damage and arson,Awaiting court outcome,
48fed9d29b73602d659c81bf3dcf46b3032175eceb8ae3291d96e3eeb6f23852,2021-08,City of London Police,City of London Police,-0.075722,51.511053,On or near Crescent,E01000005,City of London 001E,Criminal damage and arson,Status update unavailable,
7784918c4e6adb9c2065e33acb5d90dfe7665300db7b16331725e5364d56eb69,2021-08,City of London Police,City of London Police,-0.079607,51.515657,On or near St Mary Axe,E01000005,City of London 001E,Criminal damage and arson,Investigation complete; no suspect identified,
3f8e127dbdcaedf0eba2db77ba8c8447a467524d1541332c4e883d0514d5afc3,2021-08,City of London Police,City of London Police,-0.073515,51.510414,On or near Parking Area,E01000005,City of London 001E,Criminal damage and arson,Investigation complete; no suspect identified,
9a6a2c617ff6aa82404a14fec114683f42258eca0d5002197d6555596d108366,2021-08,City of London Police,City of London Police,-0.075146,51.513435,On or near Bus/Coach Station,E01000005,City of London 001E,Criminal damage and arson,Status update unavailable,
252b772fe2665a1571e7e43a60698e980b19a5ef12d9e45aff38fcac63c1dca1,2021-08,City of London Police,City of London Police,-0.076435,51.513627,On or near Aldgate,E01000005,City of London 001E,Drugs,Awaiting court outcome,
d51f10bac6e9598bb6c13ff71cf8e8c06adaad80fa2a48303e25296e60eace44,2021-08,City of London Police,City of London Police,-0.076833,51.513769,On or near Houndsditch,E01000005,City of London 001E,Drugs,Offender given a drugs possession warning,
9ef439705d83fcaf38e9fe0693c011fbdce0bea009e4acab971f19f893414bc8,2021-08,City of London Police,City of London Police,-0.076270,51.515504,On or near Gravel Lane,E01000005,City of London 001E,Drugs,Status update unavailable,
47c301eaa2cda249f3d101db03d5a65ae0f3993b749fbcb75aac99eab8d06701,2021-08,City of London Police,City of London Police,-0.074958,51.514151,On or near Aldgate High Street,E01000005,City of London 001E,Other theft,Status update unavailable,
17dc517c92ec51530cc9f9b2e2ea6107fae6b70a67c3af11e3d4388c60ff05f9,2021-08,City of London Police,City of London Police,-0.075722,51.511053,On or near Crescent,E01000005,City of London 001E,Other theft,Investigation complete; no suspect identified,
f0879157a9cdbf00a2892ffdb0da877dd4f5253a053287dd9c058be5768d6708,2021-08,City of London Police,City of London Police,-0.073065,51.511180,On or near Goodman'S Yard,E01000005,City of London 001E,Other theft,Status update unavailable,
5e3bb43b6079dad22fbb9e6916215968971f0ef59b45bbddd8fe97b9dd437df4,2021-08,City of London Police,City of London Police,-0.078806,51.516193,On or near Devonshire Square,E01000005,City of London 001E,Other theft,Investigation complete; no suspect identified,
a5a48f9df223257d45315b33a4c7e451fda49c55dc6afdcc5f8fb05defa73930,2021-08,City of London Police,City of London Police,-0.076435,51.513627,On or near Aldgate,E01000005,City of London 001E,Other theft,Investigation complete; no suspect identified,
4b00f49231e2410b98b6585016837243e983ab980b1731c1025cc5a80df4c21c,2021-08,City of London Police,City of London Police,-0.073254,51.512856,On or near Mansell Street,E01000005,City of London 001E,Possession of weapons,Formal action is not in the public interest,
ed093373e3639cb5b0486e7febfc9cd37844a9b9470b96f5244ea8cf022dfafb,2021-08,City of London Police,City of London Police,-0.074958,51.514151,On or near Aldgate High Street,E01000005,City of London 001E,Public order,Investigation complete; no suspect identified,
174d254316b4b71831cc8ae66c7219cdd0199d3bbe76baf6f8982490e175f121,2021-08,City of London Police,City of London Police,-0.075722,51.511053,On or near Crescent,E01000005,City of London 001E,Public order,Status update unavailable,
628a2a9f4d4eaa997496315c08dcdc788c1b117c50b92f791b1e17ff79a116eb,2021-08,City of London Police,City of London Police,-0.074958,51.514151,On or near Aldgate High Street,E01000005,City of London 001E,Public order,Status update unavailable,
de515b608eb3fcc6e3915c6cd61f7ac342c14a1287ad77f9a5cfe222465832fd,2021-08,City of London Police,City of London Police,-0.076080,51.511445,On or near America Square,E01000005,City of London 001E,Public order,Investigation complete; no suspect identified,
451dff3cc2a62818320730c016cab2318cfd614964208319692c0f6cf2787534,2021-08,City of London Police,City of London Police,-0.073152,51.512206,On or near Mansell Street,E01000005,City of London 001E,Public order,Status update unavailable,
fce2b62cce24f05e5432275490fba379e5e2a5562eb24eb8c1927fbfb7807eec,2021-08,City of London Police,City of London Police,-0.074958,51.514151,On or near Aldgate High Street,E01000005,City of London 001E,Public order,Status update unavailable,
8e32a44ff860d5a46322cf4a07483c6a2a9a426cb9ea8033244130e97c543bae,2021-08,City of London Police,City of London Police,-0.076435,51.513627,On or near Aldgate,E01000005,City of London 001E,Shoplifting,Investigation complete; no suspect identified,
36685f9c4c5bf2821a2b402b58a727d86017538f2423519ed88db145a6961746,2021-08,City of London Police,City of London Police,-0.076435,51.513627,On or near Aldgate,E01000005,City of London 001E,Shoplifting,Investigation complete; no suspect identified,
e593d0c3a37429dc2b622a7d16a2bd9c2b44e58c0111d0a3b79195c77f76e651,2021-08,City of London Police,City of London Police,-0.074958,51.514151,On or near Aldgate High Street,E01000005,City of London 001E,Theft from the person,Investigation complete; no suspect identified,
08abf5afd0052d0c20e411ce64e49fa3b537b03d99b893f9020d77da2bd61071,2021-08,City of London Police,City of London Police,-0.074958,51.514151,On or near Aldgate High Street,E01000005,City of London 001E,Theft from the person,Investigation complete; no suspect identified,
349ec1f73703a927165876fb6e5239ed2e1077be4a6c9ab729596f1feb49fb45,2021-08,City of London Police,City of London Police,-0.073515,51.510414,On or near Parking Area,E01000005,City of London 001E,Vehicle crime,Investigation complete; no suspect identified,
ffa3e0c900f0fb4f75c534cade7a79bc492215905e9cf3e466587be87d7c5a17,2021-08,City of London Police,City of London Police,-0.073254,51.512856,On or near Mansell Street,E01000005,City of London 001E,Violence and sexual offences,Unable to prosecute suspect,
a6a7b34b529f382b7ba8961f5533f2d541b5fdd0c9bb34c2d7a50d6a6e78f5db,2021-08,City of London Police,City of London Police,-0.077224,51.516122,On or near Shopping Area,E01000005,City of London 001E,Violence and sexual offences,Unable to prosecute suspect,
3dae31d240d38beabf0179baa7603d7618abf1ec80aac1f5cfb467ef8dc675d8,2021-08,City of London Police,City of London Police,-0.073254,51.512856,On or near Mansell Street,E01000005,City of London 001E,Violence and sexual offences,Status update unavailable,
b8f47d81d77a1e9084366de2954491402e280f182d9349f9b1a4732123051729,2021-08,City of London Police,City of London Police,-0.073254,51.512856,On or near Mansell Street,E01000005,City of London 001E,Violence and sexual offences,Unable to prosecute suspect,
9dbb3b3d058a6e2f26a4878dfe3dd88c908154b776ab85728bcaeb259589c551,2021-08,City of London Police,City of London Police,-0.076435,51.513627,On or near Aldgate,E01000005,City of London 001E,Violence and sexual offences,Unable to prosecute suspect,
ed375a20432567b7512ae65ecea9943f142c2c4d9dc871e21673d21f6b8d6f0d,2021-08,City of London Police,City of London Police,-0.074958,51.514151,On or near Aldgate High Street,E01000005,City of London 001E,Violence and sexual offences,Status update unavailable,
b08db9a100921d3d810a13c255cf8a9c71286e049825bd19f863733d77569cfb,2021-08,City of London Police,City of London Police,-0.076435,51.513627,On or near Aldgate,E01000005,City of London 001E,Other crime,Investigation complete; no suspect identified,
,2021-08,City of London Police,City of London Police,-0.094464,51.512959,On or near Watling Court,E01032739,City of London 001F,Anti-social behaviour,,
,2021-08,City of London Police,City of London Police,-0.101055,51.513552,On or near Creed Lane,E01032739,City of London 001F,Anti-social behaviour,,
,2021-08,City of London Police,City of London Police,-0.081832,51.514507,On or near Undershaft,E01032739,City of London 001F,Anti-social behaviour,,
,2021-08,City of London Police,City of London Police,-0.079786,51.517576,On or near Police Station,E01032739,City of London 001F,Anti-social behaviour,,
,2021-08,City of London Police,City of London Police,-0.080376,51.517244,On or near Supermarket,E01032739,City of London 001F,Anti-social behaviour,,
,2021-08,City of London Police,City of London Police,-0.101959,51.513297,On or near Carter Lane,E01032739,City of London 001F,Anti-social behaviour,,
,2021-08,City of London Police,City of London Police,-0.081620,51.516814,On or near Alderman'S Walk,E01032739,City of London 001F,Anti-social behaviour,,
,2021-08,City of London Police,City of London Police,-0.081832,51.514507,On or near Undershaft,E01032739,City of London 001F,Anti-social behaviour,,
,2021-08,City of London Police,City of London Police,-0.100179,51.514158,On or near Shopping Area,E01032739,City of London 001F,Anti-social behaviour,,
,2021-08,City of London Police,City of London Police,-0.082913,51.513463,On or near Leadenhall Street,E01032739,City of London 001F,Anti-social behaviour,,
,2021-08,City of London Police,City of London Police,-0.084105,51.515281,On or near Conference/Exhibition Centre,E01032739,City of London 001F,Anti-social behaviour,,
,2021-08,City of London Police,City of London Police,-0.086272,51.513114,On or near Birchin Lane,E01032739,City of London 001F,Anti-social behaviour,,
,2021-08,City of London Police,City of London Police,-0.082458,51.517431,On or near Liverpool Street,E01032739,City of London 001F,Anti-social behaviour,,
,2021-08,City of London Police,City of London Police,-0.084701,51.509320,On or near Lower Thames Street,E01032739,City of London 001F,Anti-social behaviour,,
,2021-08,City of London Police,City of London Police,-0.081620,51.516814,On or near Alderman'S Walk,E01032739,City of London 001F,Anti-social behaviour,,
,2021-08,City of London Police,City of London Police,-0.077578,51.510795,On or near Pepys Street,E01032739,City of London 001F,Anti-social behaviour,,
,2021-08,City of London Police,City of London Police,-0.077578,51.510795,On or near Pepys Street,E01032739,City of London 001F,Anti-social behaviour,,
,2021-08,City of London Police,City of London Police,-0.085173,51.518680,On or near Finsbury Avenue,E01032739,City of London 001F,Anti-social behaviour,,
,2021-08,City of London Police,City of London Police,-0.083972,51.510549,On or near Lovat Lane,E01032739,City of London 001F,Anti-social behaviour,,
,2021-08,City of London Police,City of London Police,-0.079162,51.514940,On or near Bevis Marks,E01032739,City of London 001F,Anti-social behaviour,,
,2021-08,City of London Police,City of London Police,-0.079613,51.517231,On or near New Street,E01032739,City of London 001F,Anti-social behaviour,,
,2021-08,City of London Police,City of London Police,-0.080376,51.517244,On or near Supermarket,E01032739,City of London 001F,Anti-social behaviour,,
,2021-08,City of London Police,City of London Police,-0.080573,51.516006,On or near Outwich Street,E01032739,City of London 001F,Anti-social behaviour,,
,2021-08,City of London Police,City of London Police,-0.081540,51.510806,On or near Mincing Lane,E01032739,City of London 001F,Anti-social behaviour,,
,2021-08,City of London Police,City of London Police,-0.082458,51.517431,On or near Liverpool Street,E01032739,City of London 001F,Anti-social behaviour,,
,2021-08,City of London Police,City of London Police,-0.081832,51.514507,On or near Undershaft,E01032739,City of London 001F,Anti-social behaviour,,
,2021-08,City of London Police,City of London Police,-0.094720,51.514420,On or near Wood Street,E01032739,City of London 001F,Anti-social behaviour,,
,2021-08,City of London Police,City of London Police,-0.085173,51.518680,On or near Finsbury Avenue,E01032739,City of London 001F,Anti-social behaviour,,
,2021-08,City of London Police,City of London Police,-0.081620,51.516814,On or near Alderman'S Walk,E01032739,City of London 001F,Anti-social behaviour,,
,2021-08,City of London Police,City of London Police,-0.085310,51.518511,On or near Eldon Street,E01032739,City of London 001F,Anti-social behaviour,,
,2021-08,City of London Police,City of London Police,-0.092865,51.510182,On or near Parking Area,E01032739,City of London 001F,Anti-social behaviour,,
,2021-08,City of London Police,City of London Police,-0.094720,51.514420,On or near Wood Street,E01032739,City of London 001F,Anti-social behaviour,,
,2021-08,City of London Police,City of London Police,-0.081832,51.514507,On or near Undershaft,E01032739,City of London 001F,Anti-social behaviour,,
,2021-08,City of London Police,City of London Police,-0.081620,51.516814,On or near Alderman'S Walk,E01032739,City of London 001F,Anti-social behaviour,,
,2021-08,City of London Police,City of London Police,-0.104494,51.509848,On or near A201,E01032739,City of London 001F,Anti-social behaviour,,
,2021-08,City of London Police,City of London Police,-0.086166,51.510828,On or near Eastcheap,E01032739,City of London 001F,Anti-social behaviour,,
,2021-08,City of London Police,City of London Police,-0.084621,51.510200,On or near Botolph Lane,E01032739,City of London 001F,Anti-social behaviour,,
,2021-08,City of London Police,City of London Police,-0.084701,51.509320,On or near Lower Thames Street,E01032739,City of London 001F,Anti-social behaviour,,
,2021-08,City of London Police,City of London Police,-0.084967,51.512598,On or near Bell Inn Yard,E01032739,City of London 001F,Anti-social behaviour,,
,2021-08,City of London Police,City of London Police,-0.097645,51.515142,On or near St Martin'S Le Grand,E01032739,City of London 001F,Anti-social behaviour,,
,2021-08,City of London Police,City of London Police,-0.079287,51.511956,On or near Fenchurch Place,E01032739,City of London 001F,Anti-social behaviour,,
,2021-08,City of London Police,City of London Police,-0.092865,51.510182,On or near Parking Area,E01032739,City of London 001F,Anti-social behaviour,,
,2021-08,City of London Police,City of London Police,-0.097699,51.511420,On or near Booth Lane,E01032739,City of London 001F,Anti-social behaviour,,
,2021-08,City of London Police,City of London Police,-0.080234,51.516855,On or near Devonshire Row,E01032739,City of London 001F,Anti-social behaviour,,
,2021-08,City of London Police,City of London Police,-0.094206,51.511210,On or near Little Trinity Lane,E01032739,City of London 001F,Anti-social behaviour,,
,2021-08,City of London Police,City of London Police,-0.080376,51.517244,On or near Supermarket,E01032739,City of London 001F,Anti-social behaviour,,
,2021-08,City of London Police,City of London Police,-0.093341,51.511889,On or near Great St Thomas Apostle,E01032739,City of London 001F,Anti-social behaviour,,
,2021-08,City of London Police,City of London Police,-0.079011,51.509614,On or near Pedestrian Subway,E01032739,City of London 001F,Anti-social behaviour,,
,2021-08,City of London Police,City of London Police,-0.079786,51.517576,On or near Police Station,E01032739,City of London 001F,Anti-social behaviour,,
b4b3b578abab67e0c214b7d016931f9f11ef967c3eaa34e9d94dda300d1c20c6,2021-08,City of London Police,City of London Police,-0.092865,51.510182,On or near Parking Area,E01032739,City of London 001F,Bicycle theft,Investigation complete; no suspect identified,
90ccb50dddb50d8b3f230e0cc8022a264bdbed2da9413b45724ac0e2eae351a0,2021-08,City of London Police,City of London Police,-0.087760,51.517149,On or near London Wall,E01032739,City of London 001F,Bicycle theft,Investigation complete; no suspect identified,
e5bb1c1ec228133116f58bb31b1c010586e1f2e4e0f6f15eb5a87878b127c14a,2021-08,City of London Police,City of London Police,-0.081540,51.510806,On or near Mincing Lane,E01032739,City of London 001F,Bicycle theft,Investigation complete; no suspect identified,
7bea087283822a4b4498da4acf1dfc4a798ca488121f437b04ffa671f0fe538f,2021-08,City of London Police,City of London Police,-0.080376,51.517244,On or near Supermarket,E01032739,City of London 001F,Bicycle theft,Investigation complete; no suspect identified,
3bf4a66b677718ca429d9524ba3b0b34420d2d75d0b2fa4bdae5165d98407b81,2021-08,City of London Police,City of London Police,-0.104275,51.511661,On or near Victoria Embankment,E01032739,City of London 001F,Bicycle theft,Investigation complete; no suspect identified,
ced347f3c84eb89363e858db7ace5886ada71b2bd3d5846f24365cbfa3192621,2021-08,City of London Police,City of London Police,-0.083296,51.517058,On or near Old Broad Street,E01032739,City of London 001F,Bicycle theft,Investigation complete; no suspect identified,
1ab66f35ca2ffcd2fabb550d5a241ebc951f0888aa465191d4781097dbe813d6,2021-08,City of London Police,City of London Police,-0.080376,51.517244,On or near Supermarket,E01032739,City of London 001F,Bicycle theft,Investigation complete; no suspect identified,
42209b532f0b949f82b2a2a57d026bd1919d06c2321e929f036d51bad6640630,2021-08,City of London Police,City of London Police,-0.097213,51.511322,On or near Castle Baynard Street,E01032739,City of London 001F,Bicycle theft,Investigation complete; no suspect identified,
0ed80af48215a7d706da68c5a8fe2b18e010c7e507a49472ad771766e91bfd0e,2021-08,City of London Police,City of London Police,-0.094197,51.510734,On or near Kennett Wharf Lane,E01032739,City of London 001F,Bicycle theft,Investigation complete; no suspect identified,
97818c028dd0840b4a683b142860b340e098b983547c9653b1f0a45150f62ca9,2021-08,City of London Police,City of London Police,-0.094464,51.512959,On or near Watling Court,E01032739,City of London 001F,Bicycle theft,Investigation complete; no suspect identified,
70ffe48736b5a538894e3337b359cb6ff8525769593ef4a6b93907f83b4530ea,2021-08,City of London Police,City of London Police,-0.077694,51.513171,On or near Aldgate,E01032739,City of London 001F,Bicycle theft,Investigation complete; no suspect identified,
e41a5a3178bd5d106818ddaa8e802701180c9221d6a14b178b9aecd522888430,2021-08,City of London Police,City of London Police,-0.094628,51.514203,On or near Cheapside,E01032739,City of London 001F,Bicycle theft,Status update unavailable,
526ac44b931ca59d414b24b08ad09718f0ba4611c2289440eb03c9a72aafa037,2021-08,City of London Police,City of London Police,-0.092267,51.511745,On or near Cloak Lane,E01032739,City of London 001F,Bicycle theft,Investigation complete; no suspect identified,
b95e84ba884e8c99a7bbd6355c50b8bbde4980caa794266b999771d55787e545,2021-08,City of London Police,City of London Police,-0.100179,51.514158,On or near Shopping Area,E01032739,City of London 001F,Bicycle theft,Investigation complete; no suspect identified,
34d5344139f22bdb3365b852d1780888340fc08bcdd8439623b607297f1b0eda,2021-08,City of London Police,City of London Police,-0.101274,51.512791,On or near St Andrew'S Hill,E01032739,City of London 001F,Burglary,Investigation complete; no suspect identified,
9cdd3b009d3500c500ef38664335c01bd45a33f06f06917587111ff5a9a183c9,2021-08,City of London Police,City of London Police,-0.101575,51.513857,On or near Ludgate Hill,E01032739,City of London 001F,Burglary,Investigation complete; no suspect identified,
6bf1c37476c78aa56a4640537681f7f218f695e2a4bb4e0b78ef74b30e9204f4,2021-08,City of London Police,City of London Police,-0.096075,51.514766,On or near Foster Lane,E01032739,City of London 001F,Burglary,Investigation complete; no suspect identified,
f17cea89c6a5e2bf5c461551df71213b5e9fb9eb92ce2759cb24e31ea4663cb2,2021-08,City of London Police,City of London Police,-0.096075,51.514766,On or near Foster Lane,E01032739,City of London 001F,Burglary,Investigation complete; no suspect identified,
095a32f4dce0e028d563fb6b11a91458937bbca4bac7ef005d290c4b895dfa22,2021-08,City of London Police,City of London Police,-0.082512,51.512387,On or near Lime Street,E01032739,City of London 001F,Burglary,Investigation complete; no suspect identified,
ad825426ae0109f44de2f4bfdbbbfa095b982bc51dfd3eca86e5ce04c2ff2059,2021-08,City of London Police,City of London Police,-0.077694,51.513171,On or near Aldgate,E01032739,City of London 001F,Burglary,Unable to prosecute suspect,
8b83c7fcb7f0b7de1ba859ed5201b57b2dcc242d5a57251fec544b78acfd3d04,2021-08,City of London Police,City of London Police,-0.101073,51.513453,On or near Creed Lane,E01032739,City of London 001F,Burglary,Status update unavailable,
d676819469b7d68498c99de40fa635e39d791e70c41f15ed12093a3f7bc571cf,2021-08,City of London Police,City of London Police,-0.082458,51.517431,On or near Liverpool Street,E01032739,City of London 001F,Burglary,Formal action is not in the public interest,
47b20d9755d3b4b07062ae157986e38de4c8d6c4714b6e1e191a261103d54f3d,2021-08,City of London Police,City of London Police,-0.086551,51.511616,On or near Lombard Court,E01032739,City of London 001F,Burglary,Awaiting court outcome,
bf331264f78bcb24140f5b24815427be62008aa3434a0588ae34b676f64a6468,2021-08,City of London Police,City of London Police,-0.078308,51.518091,On or near Widegate Street,E01032739,City of London 001F,Burglary,Unable to prosecute suspect,
4299c354b74385e8a943faa84bcb30ca4fc77dd943790f7354f82907e652958b,2021-08,City of London Police,City of London Police,-0.088995,51.512088,On or near St Swithin'S Lane,E01032739,City of London 001F,Burglary,Investigation complete; no suspect identified,
e8025a902586dca7cc9f3f50fe88df812aad3d44607e569541f79dd580172386,2021-08,City of London Police,City of London Police,-0.092267,51.511745,On or near Cloak Lane,E01032739,City of London 001F,Burglary,Awaiting court outcome,
b74ee3bf3afceac5913c9ac3b56e7536e25aa46132993ebc7be167b097f5ea86,2021-08,City of London Police,City of London Police,-0.080318,51.520678,On or near Primrose Street,E01032739,City of London 001F,Burglary,Investigation complete; no suspect identified,
89e6c92679a40b18e8cb25c952910189a5e9f9d617653b72395e2d236ad28112,2021-08,City of London Police,City of London Police,-0.083296,51.517058,On or near Old Broad Street,E01032739,City of London 001F,Criminal damage and arson,Unable to prosecute suspect,
3962274684ae8b68c38238a2ae387256150bc33e5e1533600eb7be120e10a688,2021-08,City of London Police,City of London Police,-0.091151,51.516026,On or near Basinghall Street,E01032739,City of London 001F,Criminal damage and arson,Awaiting court outcome,
b772e400367b9fd13c67d9db96a419ee3ec28d0529b33fa91ad4090992278567,2021-08,City of London Police,City of London Police,-0.083296,51.517058,On or near Old Broad Street,E01032739,City of London 001F,Criminal damage and arson,Unable to prosecute suspect,
a8680bd33e08d280125e7d86676e8792f42d87317fa06d4a0a6e37bd8633d0be,2021-08,City of London Police,City of London Police,-0.100179,51.514158,On or near Shopping Area,E01032739,City of London 001F,Criminal damage and arson,Status update unavailable,
e098762c0a2fb820a4880f9fd3f6329e48d7db24b86347f37433b31e2ad35ea5,2021-08,City of London Police,City of London Police,-0.090985,51.516886,On or near Basinghall Avenue,E01032739,City of London 001F,Criminal damage and arson,Status update unavailable,
47f0e44564dc06b60dfba388ccd1bd459db465018c6638237e6bbb87a32de012,2021-08,City of London Police,City of London Police,-0.092077,51.512147,On or near Tower Royal,E01032739,City of London 001F,Criminal damage and arson,Status update unavailable,
c4b481edfc071eb2807a372438ed810717fa03217400b861167d096b8c46751e,2021-08,City of London Police,City of London Police,-0.081516,51.510014,On or near Great Tower Street,E01032739,City of London 001F,Criminal damage and arson,Investigation complete; no suspect identified,
0803902a73215aace1e46a9ee8fba41826e0f1cef2da9f4c88c3e7de9a669d74,2021-08,City of London Police,City of London Police,-0.093916,51.511583,On or near Garlick Hill,E01032739,City of London 001F,Criminal damage and arson,Status update unavailable,
cc2528dd1178aa014e659d780ecd324dfd7ad4e1a3306e8c70ed9d837aabd680,2021-08,City of London Police,City of London Police,-0.090419,51.514917,On or near Gresham Street,E01032739,City of London 001F,Criminal damage and arson,Status update unavailable,
c46586dd6ecb07204ad9c578e63aba0cfc443fc360681fc659166aef039b843b,2021-08,City of London Police,City of London Police,-0.078665,51.509950,On or near Muscovy Street,E01032739,City of London 001F,Criminal damage and arson,Investigation complete; no suspect identified,
3f0e063777b89e642dfa1d3545afd617b3fffbd67814653e97d1cf7c0081ae6e,2021-08,City of London Police,City of London Police,-0.096363,51.513377,On or near New Change,E01032739,City of London 001F,Drugs,Offender given penalty notice,
027d89a9e717f306028d1f7adc27ae64c003a29ff25db6f49b31bbfdf7ef623a,2021-08,City of London Police,City of London Police,-0.085149,51.517196,On or near Blomfield Street,E01032739,City of London 001F,Drugs,Offender given a caution,
ad0cd690f61b4f4d63edaeb2b7c8e084d87ecf6eae2652dd1b1a4f39e4f29a2e,2021-08,City of London Police,City of London Police,-0.077777,51.518046,On or near Sandy'S Row,E01032739,City of London 001F,Drugs,Awaiting court outcome,
33c1e8eb7c2c3473c0ef692cc168c7e71182908ba3d1a4850a7f16295e6aeb67,2021-08,City of London Police,City of London Police,-0.097973,51.512108,On or near Distaff Lane,E01032739,City of London 001F,Drugs,Offender given a caution,
e7acd96f3ef41bc411226675257a9b5d53c757c451d205b667248a425a93c963,2021-08,City of London Police,City of London Police,-0.082458,51.517431,On or near Liverpool Street,E01032739,City of London 001F,Drugs,Formal action is not in the public interest,
e125d81ee1c2aca0c31d3c92203eb7ea3c74013474f936ee764b69386d0bf8c6,2021-08,City of London Police,City of London Police,-0.084251,51.520059,On or near Sun Street,E01032739,City of London 001F,Drugs,Status update unavailable,
e125d81ee1c2aca0c31d3c92203eb7ea3c74013474f936ee764b69386d0bf8c6,2021-08,City of London Police,City of London Police,-0.085173,51.518680,On or near Finsbury Avenue,E01032739,City of London 001F,Drugs,Status update unavailable,
2a6cfdf9b15bae6aa283188bc4e55feffc035ccf3ec82fcf22db100389122ccb,2021-08,City of London Police,City of London Police,-0.079786,51.517576,On or near Police Station,E01032739,City of London 001F,Drugs,Awaiting court outcome,
402b517fd81ea15ab493e3a9e33e99673052c1ebaad761ac12ef8d717ad964fa,2021-08,City of London Police,City of London Police,-0.087780,51.508066,On or near Borough High Street,E01032739,City of London 001F,Drugs,Formal action is not in the public interest,
ab2e3dcb9e3beb12914dc7b22171d7a2e582ef04958f62e4ba45c0962bc40f9c,2021-08,City of London Police,City of London Police,-0.085149,51.517196,On or near Blomfield Street,E01032739,City of London 001F,Drugs,Awaiting court outcome,
2ff76b9783096d85d7f7f84d8962b572e3d32ecb8ae75a24d30290977feacfb3,2021-08,City of London Police,City of London Police,-0.089698,51.511812,On or near Oxford Court,E01032739,City of London 001F,Drugs,Offender given a caution,
de07c7c4edc9b17684d6989cc91a96c5ccba14ab96b1deac4778099f1ac2b5b8,2021-08,City of London Police,City of London Police,-0.095015,51.513220,On or near Watling Street,E01032739,City of London 001F,Drugs,Offender given a caution,
21ffa8eadc62ba1303e6cc9599df06d2fa6a6345c21a5855c5fabeffeff45cec,2021-08,City of London Police,City of London Police,-0.079162,51.514940,On or near Bevis Marks,E01032739,City of London 001F,Drugs,Formal action is not in the public interest,
af597d95469887682ac7358b9a926bbd35e5aa5901e366f22cffe5bfd27eb944,2021-08,City of London Police,City of London Police,-0.087780,51.508066,On or near Borough High Street,E01032739,City of London 001F,Drugs,Awaiting court outcome,
b5c70bc7d17ddfc2c58634a88a337d4fc190f96ec26b58c0d7630e626caef2cb,2021-08,City of London Police,City of London Police,-0.094628,51.514203,On or near Cheapside,E01032739,City of London 001F,Drugs,Status update unavailable,
78528889fd144b46b0a858bd00cbd3ff752ebc34c21cf748954cbd48b160af3b,2021-08,City of London Police,City of London Police,-0.077649,51.512181,On or near Northumberland Alley,E01032739,City of London 001F,Drugs,Offender given penalty notice,
37513d4777b88809c00c86faa4f8e7acaf72f509c3da44fdffa66164978d1fbd,2021-08,City of London Police,City of London Police,-0.104494,51.509848,On or near A201,E01032739,City of London 001F,Drugs,Status update unavailable,
ec6c1e29516abd7d6c756345662780e68cbf25eaee8b3dda8608ca73c338e821,2021-08,City of London Police,City of London Police,-0.082458,51.517431,On or near Liverpool Street,E01032739,City of London 001F,Drugs,Status update unavailable,
aa115ffcf84ccab64cc1b0997740c72ebb7c08bc599bf017a4152f7a045a74a4,2021-08,City of London Police,City of London Police,-0.079786,51.517576,On or near Police Station,E01032739,City of London 001F,Drugs,Status update unavailable,
67a9dcb047dfe30eefec5cf396762aa06564e921dd28c7e043f53e9cf8f465bc,2021-08,City of London Police,City of London Police,-0.089451,51.517032,On or near Bus/Coach Station,E01032739,City of London 001F,Drugs,Status update unavailable,
3fa5ce21539d73bcd736a9c2013e1efd45aad1ce8d00289e3d3cd181bd8215b8,2021-08,City of London Police,City of London Police,-0.085149,51.517196,On or near Blomfield Street,E01032739,City of London 001F,Drugs,Awaiting court outcome,
12042d8d8ffe64999cc4db27bf4fd6da6c16e13098f3a70a7572abff473a46f2,2021-08,City of London Police,City of London Police,-0.079786,51.517576,On or near Police Station,E01032739,City of London 001F,Drugs,Awaiting court outcome,
2b4f7aaa83615cb6177adc268f3b71f28b479114711f758fce20d9b6f758aff6,2021-08,City of London Police,City of London Police,-0.079786,51.517576,On or near Police Station,E01032739,City of London 001F,Drugs,Awaiting court outcome,
01ab07923d01d16b2c6a62958aaf4fbec34bee1fc89e01f53acd8b6562268f6d,2021-08,City of London Police,City of London Police,-0.081620,51.516814,On or near Alderman'S Walk,E01032739,City of London 001F,Drugs,Status update unavailable,
f43dd405f8d5ef97f8b7a3f346651dbfba74ced28d5014b28299a69d04f65ed7,2021-08,City of London Police,City of London Police,-0.092077,51.512147,On or near Tower Royal,E01032739,City of London 001F,Drugs,Status update unavailable,
4d16eec807c0c7a3831cbcd79b4a4ad28172c63db395f01919388d829ede03b7,2021-08,City of London Police,City of London Police,-0.077029,51.510148,On or near Trinity Square,E01032739,City of London 001F,Drugs,Status update unavailable,
4901c380b3983a040efc7542d62642f70dae7dbc72147a4552f9004df53d51fd,2021-08,City of London Police,City of London Police,-0.084983,51.510494,On or near Supermarket,E01032739,City of London 001F,Drugs,Status update unavailable,
ec8d8ce41f30a801a729b8ff04c85cf893c7857d592b13553d11cf9a83d037af,2021-08,City of London Police,City of London Police,-0.078484,51.517680,On or near Catherine Wheel Alley,E01032739,City of London 001F,Drugs,Status update unavailable,
d645b27ad8e7d9ae645b9f81cdc7102a241ccb8597272238165b1407c25a698d,2021-08,City of London Police,City of London Police,-0.080782,51.514804,On or near St Mary Axe,E01032739,City of London 001F,Drugs,Offender given penalty notice,
b633f74885084c7c62ec6a115c5eb6611c7d15a864f8a0795125ec9f1ca5f7bd,2021-08,City of London Police,City of London Police,-0.088843,51.509532,On or near Parking Area,E01032739,City of London 001F,Drugs,Status update unavailable,
81546ad64bd1c9b5ec5ccd4d94a3995a1140ec809074ecc414be1fd3e88b347f,2021-08,City of London Police,City of London Police,-0.079398,51.516508,On or near Devonshire Square,E01032739,City of London 001F,Drugs,Status update unavailable,
c702c726fcceb1b7e679ad874ad9c7a09b41c9f45e7d50b6e6f895369e066f12,2021-08,City of London Police,City of London Police,-0.079786,51.517576,On or near Police Station,E01032739,City of London 001F,Drugs,Awaiting court outcome,
ee71f5a126068280936257191f363a1eefc6a30ff810392ba50df457705b7b50,2021-08,City of London Police,City of London Police,-0.084095,51.516900,On or near New Broad Street,E01032739,City of London 001F,Drugs,Status update unavailable,
6f06edfb0678fb9da88c9c3d0c74f009df66937864b2577a6d74039dbe7a2e40,2021-08,City of London Police,City of London Police,-0.079786,51.517576,On or near Police Station,E01032739,City of London 001F,Drugs,Status update unavailable,
c1c8edce55032fe619461b401084bc4034e607998ddf7c46faae3c441f73d53d,2021-08,City of London Police,City of London Police,-0.104494,51.509848,On or near A201,E01032739,City of London 001F,Drugs,Status update unavailable,
2bc1bbcc30f9be9dcdc3fa03671db4e30e29276057c8476e570c18e3969e0de8,2021-08,City of London Police,City of London Police,-0.084967,51.512598,On or near Bell Inn Yard,E01032739,City of London 001F,Drugs,Status update unavailable,
fbab7f697804ee0a638a8900abba6ac095d0e83667c67f59553864adef48f20f,2021-08,City of London Police,City of London Police,-0.084251,51.520059,On or near Sun Street,E01032739,City of London 001F,Drugs,Formal action is not in the public interest,
f791a994327c63b283a3408b4b300f2be3e11277e254a730df045a2db253f753,2021-08,City of London Police,City of London Police,-0.092865,51.510182,On or near Parking Area,E01032739,City of London 001F,Other theft,Investigation complete; no suspect identified,
b929c120a95da89d393a0b5958549be9fb9b81a70f3d78a0955aebc73d4cca03,2021-08,City of London Police,City of London Police,-0.080728,51.511611,On or near Supermarket,E01032739,City of London 001F,Other theft,Status update unavailable,
438a001b45e0aef1554c005ab36e8eb32eb8ab852d308cab5a581ba5bd523b91,2021-08,City of London Police,City of London Police,-0.078856,51.518433,On or near Artillery Lane,E01032739,City of London 001F,Other theft,Investigation complete; no suspect identified,
e14c5477a745bc925b4ef73b00f50e5ede6390149b8e2679f44f10cb1317caa1,2021-08,City of London Police,City of London Police,-0.096511,51.511922,On or near Queen Victoria Street,E01032739,City of London 001F,Other theft,Investigation complete; no suspect identified,
f940b05128d077e59b512f047a392d0feff9845562137bc56f07347ba406f68f,2021-08,City of London Police,City of London Police,-0.092077,51.512147,On or near Tower Royal,E01032739,City of London 001F,Other theft,Investigation complete; no suspect identified,
eee9ebcdae6470bd1e9abe3bc84cf4ebd4664c1cbc20eeb16a5ebf1e0643f94b,2021-08,City of London Police,City of London Police,-0.089647,51.513384,On or near Queen Victoria Street,E01032739,City of London 001F,Other theft,Unable to prosecute suspect,
0c60547bc916845fed8f31818211e69200cbc879e06597aa73289895813b480b,2021-08,City of London Police,City of London Police,-0.082571,51.514753,On or near Great St Helen'S,E01032739,City of London 001F,Other theft,Status update unavailable,
b9eea29553fcb7195f0ca29cc9df50cc25393780350611127fe983bcd0582c10,2021-08,City of London Police,City of London Police,-0.082058,51.509466,On or near Cross Lane,E01032739,City of London 001F,Other theft,Status update unavailable,
ac8fd410db65517dd66e3809a8531f5962c9767159a273415f175dc3eb55d67f,2021-08,City of London Police,City of London Police,-0.082965,51.516351,On or near Wormwood Street,E01032739,City of London 001F,Other theft,Status update unavailable,
ccb9e3e0c559cd1d51830ea8e4456f9a3342863f2dbf5eb4f4a4b81279ed3e4e,2021-08,City of London Police,City of London Police,-0.086728,51.510477,On or near King William Street,E01032739,City of London 001F,Other theft,Investigation complete; no suspect identified,
6886e129f604f5ac8d9180b73018765f240a84fd8434e39550267f1b7b7d2a97,2021-08,City of London Police,City of London Police,-0.086166,51.510828,On or near Eastcheap,E01032739,City of London 001F,Other theft,Formal action is not in the public interest,
3ec9fb0d5d92e6884773e6537bbbdc55e3e3487cc805d0055f189a44dbeb6269,2021-08,City of London Police,City of London Police,-0.086166,51.510828,On or near Eastcheap,E01032739,City of London 001F,Other theft,Investigation complete; no suspect identified,
18e061a1a2c69aeefb04d3c5e7d2cb3c7d0bf4447169943fb375cfc0ecdb4d59,2021-08,City of London Police,City of London Police,-0.102647,51.513721,On or near Pilgrim Street,E01032739,City of London 001F,Other theft,Investigation complete; no suspect identified,
9b551213a121059e304d1dca870eb37ceaa942f55242dfe8af48eef9c3de65f4,2021-08,City of London Police,City of London Police,-0.086175,51.510945,On or near Gracechurch Street,E01032739,City of London 001F,Other theft,Status update unavailable,
1ec409b6e3f93681cea291e199a14ba22b7344465d3bf63740d7c19edc491417,2021-08,City of London Police,City of London Police,-0.081620,51.516814,On or near Alderman'S Walk,E01032739,City of London 001F,Other theft,Investigation complete; no suspect identified,
782849a1de36e029aeba1c030e6bd90a51533cc0038c8eb28a04d85e4cd0302d,2021-08,City of London Police,City of London Police,-0.078856,51.518433,On or near Artillery Lane,E01032739,City of London 001F,Other theft,Investigation complete; no suspect identified,
93e1909a71be2cd42166a7bdbe9b72e7f3da3e2ca1e82276ba8653c5a3876848,2021-08,City of London Police,City of London Police,-0.093916,51.511583,On or near Garlick Hill,E01032739,City of London 001F,Other theft,Investigation complete; no suspect identified,
6536892b0a115fea0c65835731dc278f57d0e564f879374db37896456f97d87f,2021-08,City of London Police,City of London Police,-0.082965,51.516351,On or near Wormwood Street,E01032739,City of London 001F,Other theft,Investigation complete; no suspect identified,
2919113b61521de726f3ff0a2ac4a29265ac170a57edbbe0283cbaff9d8650fd,2021-08,City of London Police,City of London Police,-0.081832,51.514507,On or near Undershaft,E01032739,City of London 001F,Other theft,Investigation complete; no suspect identified,
22de25e62d2c7e4c4423f63feb371d648bc9186456833c021c0c4d3e12e53030,2021-08,City of London Police,City of London Police,-0.091720,51.513454,On or near Supermarket,E01032739,City of London 001F,Other theft,Status update unavailable,
886df29b042151c356fbfdffa8f96d9afa3cdeb3565938fa2286e815bbbeacdf,2021-08,City of London Police,City of London Police,-0.083972,51.510549,On or near Lovat Lane,E01032739,City of London 001F,Other theft,Investigation complete; no suspect identified,
eedd255b9a395d26592bfffb5aec35e704f88c993a270a96f4efa1e0f3817323,2021-08,City of London Police,City of London Police,-0.080952,51.514528,On or near St Mary Axe,E01032739,City of London 001F,Other theft,Investigation complete; no suspect identified,
fc59c198986233f02f027222723c6b020d8314d7fa0a9f251e242612b03cd145,2021-08,City of London Police,City of London Police,-0.094628,51.514203,On or near Cheapside,E01032739,City of London 001F,Other theft,Investigation complete; no suspect identified,
0a852213f605368819cf2ab86b7757f7dcf456ae8d23d6a98050ae161b89cd2d,2021-08,City of London Police,City of London Police,-0.079448,51.511554,On or near Fenchurch Place,E01032739,City of London 001F,Other theft,Investigation complete; no suspect identified,
c7e399851a237731bfbebcadf30f1e0ebe7daba7cbf21e956f43dbbe222f084b,2021-08,City of London Police,City of London Police,-0.088203,51.518262,On or near Moorgate,E01032739,City of London 001F,Other theft,Investigation complete; no suspect identified,
f7f2c64d540f92d52d015bead0c9b9b9a02c7393eff5099c91d90bc52cd23698,2021-08,City of London Police,City of London Police,-0.081281,51.512528,On or near Fenchurch Avenue,E01032739,City of London 001F,Other theft,Investigation complete; no suspect identified,
c5ff66f8f8b8f7cbea08a4be6e9f41405ae82f067cc9bd2a73aa1e16bbc620ca,2021-08,City of London Police,City of London Police,-0.078856,51.518433,On or near Artillery Lane,E01032739,City of London 001F,Other theft,Investigation complete; no suspect identified,
d3281af5b49bcd50a1c7554298f0fc29c91447f342089b4c46aaeb50a3f99599,2021-08,City of London Police,City of London Police,-0.097645,51.515142,On or near St Martin'S Le Grand,E01032739,City of London 001F,Other theft,Investigation complete; no suspect identified,
1562be442a3a2153a784aab42a9b05477a36b25dd16538139aeaf5dceaf821f3,2021-08,City of London Police,City of London Police,-0.102411,51.512117,On or near Queen Victoria Street,E01032739,City of London 001F,Other theft,Investigation complete; no suspect identified,
3536acd67268133ef8d5212e898e4abf382c2fe13739693fbadeeb1cd6538ed3,2021-08,City of London Police,City of London Police,-0.082628,51.518189,On or near Sun Street Passage,E01032739,City of London 001F,Other theft,Investigation complete; no suspect identified,
cf61fc54f26f0c28be365d91a86b498d6d2be59acf2b7a13afb01d5819395f56,2021-08,City of London Police,City of London Police,-0.086175,51.510945,On or near Gracechurch Street,E01032739,City of London 001F,Other theft,Investigation complete; no suspect identified,
cfab95ea3c49dda8592683cd14b4d22fae0697645afa5211fba7492477446873,2021-08,City of London Police,City of London Police,-0.096075,51.514766,On or near Foster Lane,E01032739,City of London 001F,Other theft,Investigation complete; no suspect identified,
bfb0db2d46f0980a53b3c5130831888bd63d2e2e92e90a4a35d33914bd38c3b5,2021-08,City of London Police,City of London Police,-0.086175,51.510945,On or near Gracechurch Street,E01032739,City of London 001F,Other theft,Investigation complete; no suspect identified,
75cd66c13a3b9af6134b10886038904cebe823829526fdeb6e1cc6e7ad61af3c,2021-08,City of London Police,City of London Police,-0.093398,51.512951,On or near Watling Street,E01032739,City of London 001F,Other theft,Investigation complete; no suspect identified,
304371225077d0758b064a0a34fd1386b8864e9285428854587a215706b1e6fe,2021-08,City of London Police,City of London Police,-0.088843,51.509532,On or near Parking Area,E01032739,City of London 001F,Other theft,Status update unavailable,
20f21089d988f91510f06d47bcca24d392f1dd3d34e957b9432e91f07079acd5,2021-08,City of London Police,City of London Police,-0.078665,51.509950,On or near Muscovy Street,E01032739,City of London 001F,Other theft,Investigation complete; no suspect identified,
7558e1953ab583b3ade1c52a2d48a8b7ea6af7acfea8507078ae431de5b9405c,2021-08,City of London Police,City of London Police,-0.093398,51.512951,On or near Watling Street,E01032739,City of London 001F,Other theft,Investigation complete; no suspect identified,
d1cd593760eab0147e156685a0dafebce3b69a769cf87f46481e0ff5855090fe,2021-08,City of London Police,City of London Police,-0.093341,51.511889,On or near Great St Thomas Apostle,E01032739,City of London 001F,Other theft,Status update unavailable,
d40125ca2ab00937213565a1ab689b0a98690b7afc1793667037b278903f1c99,2021-08,City of London Police,City of London Police,-0.078856,51.518433,On or near Artillery Lane,E01032739,City of London 001F,Other theft,Investigation complete; no suspect identified,
30744121ca0aa7f29df437f18dc35b2fb8fe2461d860e15b4985d6c72922ebe6,2021-08,City of London Police,City of London Police,-0.096814,51.512952,On or near St Paul'S Church Yard,E01032739,City of London 001F,Other theft,Awaiting court outcome,
9fc06fd64d1452bb0f20adb1ec7e5fb20c2c9b810c6824c01d5f6a0ef3d7f98a,2021-08,City of London Police,City of London Police,-0.082722,51.518029,On or near Pedestrian Subway,E01032739,City of London 001F,Other theft,Investigation complete; no suspect identified,
ca8c0d513f60f557fc009a012e7841d3a686959ab8a166efd6c4b9b804605125,2021-08,City of London Police,City of London Police,-0.081516,51.510014,On or near Great Tower Street,E01032739,City of London 001F,Other theft,Investigation complete; no suspect identified,
5b475f0ecf52db85ff11973b4689d0534c764a95c89c4f499b38462af4eeb8a3,2021-08,City of London Police,City of London Police,-0.086551,51.511616,On or near Lombard Court,E01032739,City of London 001F,Other theft,Investigation complete; no suspect identified,
99311e6bd77abf6829371cc41322f7861328ec49c2c79fb28bc9705d32066010,2021-08,City of London Police,City of London Police,-0.096075,51.514766,On or near Foster Lane,E01032739,City of London 001F,Other theft,Investigation complete; no suspect identified,
af1a55f8c92928cff390e4c614c7fe437a0c3d0ca1ba617795c0c2f626d5fc41,2021-08,City of London Police,City of London Police,-0.084618,51.512682,On or near Gracechurch Street,E01032739,City of London 001F,Other theft,Investigation complete; no suspect identified,
bf162d33d29ac8880ff2ad8cf5bbd21691fb8e04c8534cb4c38fd724070ad6ee,2021-08,City of London Police,City of London Police,-0.080728,51.511611,On or near Supermarket,E01032739,City of London 001F,Other theft,Status update unavailable,
f76ef4ccb26c8c005ad88a65d70874b510ee74dae6408f79498ddde3e15cf230,2021-08,City of London Police,City of London Police,-0.084768,51.512882,On or near Corbet Court,E01032739,City of London 001F,Other theft,Investigation complete; no suspect identified,
63a4b335d7cb4362dc22e42d812b991053f67e97fbe42a4591163aff687e9743,2021-08,City of London Police,City of London Police,-0.087118,51.513199,On or near Nightclub,E01032739,City of London 001F,Other theft,Investigation complete; no suspect identified,
5614ef6ba3e08523a52e8e4c151e0c5d2ed7bde1ac3ead6f2cfe114b8acb1dce,2021-08,City of London Police,City of London Police,-0.094628,51.514203,On or near Cheapside,E01032739,City of London 001F,Other theft,Awaiting court outcome,
208c419a4b14cdfca6e468372f1cd929a6f4c6276b5dd2c1fa1f4e2b651ab768,2021-08,City of London Police,City of London Police,-0.098777,51.512526,On or near Knightrider Street,E01032739,City of London 001F,Other theft,Status update unavailable,
136dc67bb8b9f6a4fcc802a1bde716ba87459b2dd4d13cfd5c044acb17120f52,2021-08,City of London Police,City of London Police,-0.093398,51.512951,On or near Watling Street,E01032739,City of London 001F,Other theft,Investigation complete; no suspect identified,
375a897199e56fe2704104791d26576747ae5453f6a4523f90a542ad054701be,2021-08,City of London Police,City of London Police,-0.092719,51.512652,On or near Queen Victoria Street,E01032739,City of London 001F,Other theft,Investigation complete; no suspect identified,
8ecf9f1fffb1b49779692788ba6c00cfe62b0eb9a4d5bde467e2d26b0948e32a,2021-08,City of London Police,City of London Police,-0.084201,51.510949,On or near Philpot Lane,E01032739,City of London 001F,Other theft,Investigation complete; no suspect identified,
90515e21df794f95435aa4d6091d1c7b24b1d43d0cc55d6da80e8f0895fa2471,2021-08,City of London Police,City of London Police,-0.094464,51.512959,On or near Watling Court,E01032739,City of London 001F,Other theft,Investigation complete; no suspect identified,
ac889ad8dc4034259545202640b857a18ca6ffca5f9ea3311d01831be3c70dc0,2021-08,City of London Police,City of London Police,-0.086166,51.510828,On or near Eastcheap,E01032739,City of London 001F,Other theft,Investigation complete; no suspect identified,
a8e0354f20e6a07912aedb3b66ca3a98f6e6304382f13d2cece1e344d159812d,2021-08,City of London Police,City of London Police,-0.078308,51.518091,On or near Widegate Street,E01032739,City of London 001F,Other theft,Investigation complete; no suspect identified,
854aca303a269361d7106fbc7888bee7079ab4922a370e464e59e63435196d02,2021-08,City of London Police,City of London Police,-0.081620,51.516814,On or near Alderman'S Walk,E01032739,City of London 001F,Possession of weapons,Awaiting court outcome,
ecc4f9ecb4693f5ad18e843751b66e2316b571a1e89473d4b4a7d41d6c07e0dd,2021-08,City of London Police,City of London Police,-0.087760,51.517149,On or near London Wall,E01032739,City of London 001F,Possession of weapons,Offender given a caution,
18670f3214a2a9fee41221a714584b26674b62790129aae066d8ce56c0157011,2021-08,City of London Police,City of London Police,-0.096814,51.512952,On or near St Paul'S Church Yard,E01032739,City of London 001F,Public order,Investigation complete; no suspect identified,
0863049460541b9896c7689cdefde056876e6e5da986f5162b87888c8e80f822,2021-08,City of London Police,City of London Police,-0.084967,51.512598,On or near Bell Inn Yard,E01032739,City of London 001F,Public order,Awaiting court outcome,
7ddde025a5dbe1d84fa492842ee96c9a33894769dcf6611c8576d8383da99a9e,2021-08,City of London Police,City of London Police,-0.079786,51.517576,On or near Police Station,E01032739,City of London 001F,Public order,Formal action is not in the public interest,
148ccd175e49b74e7b6ffce01c74c001ba65a951714107444d34743ef687b178,2021-08,City of London Police,City of London Police,-0.098777,51.512526,On or near Knightrider Street,E01032739,City of London 001F,Public order,Unable to prosecute suspect,
5dce3bb3ba4e78ad41dae080120effe2129b7e4d581bcdd15c355a6745c0764b,2021-08,City of London Police,City of London Police,-0.083086,51.511407,On or near Rood Lane,E01032739,City of London 001F,Public order,Status update unavailable,
e725d9abbe83bbe0c5e9111bb25141c12434d9526a334a6df42b5e767d1fd21c,2021-08,City of London Police,City of London Police,-0.079786,51.517576,On or near Police Station,E01032739,City of London 001F,Public order,Unable to prosecute suspect,
dbe97dad458ce00382fc278626e5bcab3819e545670d569f0fb54dd213b1bffa,2021-08,City of London Police,City of London Police,-0.079786,51.517576,On or near Police Station,E01032739,City of London 001F,Public order,Unable to prosecute suspect,
5c888f57dd2901fcd11cb399303f1e04eb54551952d067a174d222b85eecbbc8,2021-08,City of London Police,City of London Police,-0.078307,51.513676,On or near Mitre Street,E01032739,City of London 001F,Public order,Unable to prosecute suspect,
c47d58433d438e8a4f5c4cc715feec6fc9207dc75f165b67b77cdc955f85be77,2021-08,City of London Police,City of London Police,-0.089838,51.516067,On or near Coleman Street,E01032739,City of London 001F,Public order,Awaiting court outcome,
cfabde0ef5a11b9a6041a9af0176e6f7ee978cdff9980a8f757314cc089f6520,2021-08,City of London Police,City of London Police,-0.081620,51.516814,On or near Alderman'S Walk,E01032739,City of London 001F,Public order,Status update unavailable,
f0fbcd807dcd1cc8fc5cae384d021b15ea1e2c8b7b30d1d48e7b7bd86c938806,2021-08,City of London Police,City of London Police,-0.096363,51.513377,On or near New Change,E01032739,City of London 001F,Public order,Unable to prosecute suspect,
d8d7b775d80c4a8fe0fd2cbd704ab1418b3ec4100baafbfbd53fbc191f18efac,2021-08,City of London Police,City of London Police,-0.087780,51.508066,On or near Borough High Street,E01032739,City of London 001F,Public order,Unable to prosecute suspect,
6996b5bb80a083b33fc81692fd578766732bf72a1fe22625b1004ecc45abcae7,2021-08,City of London Police,City of London Police,-0.094231,51.511984,On or near Great Trinity Lane,E01032739,City of London 001F,Public order,Unable to prosecute suspect,
776fd9326a7f323ef267ef6fadf90a789b73071f20f945a5c394f1ee7b27e42f,2021-08,City of London Police,City of London Police,-0.083972,51.510549,On or near Lovat Lane,E01032739,City of London 001F,Public order,Status update unavailable,
f2b243644d6cd4e275c15f65c3f39e60dbeb9366c56add6fba64b50d61a0774c,2021-08,City of London Police,City of London Police,-0.079786,51.517576,On or near Police Station,E01032739,City of London 001F,Public order,Unable to prosecute suspect,
f492a4523e9aecf7fa9bad34212a750e14788dbae345cb3ae83ff36db9d809d2,2021-08,City of London Police,City of London Police,-0.080782,51.514804,On or near St Mary Axe,E01032739,City of London 001F,Public order,Status update unavailable,
84d355f8ced75ac45e9f439579fee209034feed02e366859d8745834b3c0655c,2021-08,City of London Police,City of London Police,-0.078307,51.513676,On or near Mitre Street,E01032739,City of London 001F,Public order,Unable to prosecute suspect,
7ec6b449de1cb2cf6c98ef24ba679ef1cdefb569b578fa4dd15dc45cc2425b44,2021-08,City of London Police,City of London Police,-0.077655,51.514088,On or near Pedestrian Subway,E01032739,City of London 001F,Public order,Investigation complete; no suspect identified,
d00503fca20d08747a5c57149b10c1fa74c9afd4bd66117164af650bbec76228,2021-08,City of London Police,City of London Police,-0.102411,51.512117,On or near Queen Victoria Street,E01032739,City of London 001F,Public order,Unable to prosecute suspect,
7a88c860987f74d4b25380ca8030ba395333f465b4a48a8d3194c2a71aa0e0f0,2021-08,City of London Police,City of London Police,-0.083972,51.510549,On or near Lovat Lane,E01032739,City of London 001F,Public order,Awaiting court outcome,
ed52ad0240efbd947546fd65ccc527b24d2a57c1b4979a8e36c5e099c87086b1,2021-08,City of London Police,City of London Police,-0.088995,51.512088,On or near St Swithin'S Lane,E01032739,City of London 001F,Public order,Status update unavailable,
561c45d9422905111cfb93aa0d96886a4134b3c21d36f231eef566f7ef91a232,2021-08,City of London Police,City of London Police,-0.084967,51.512598,On or near Bell Inn Yard,E01032739,City of London 001F,Public order,Offender given penalty notice,
25fdd740a092084cb4223cfe9a107f271a168be9778a695f8d1693cdec14d7a3,2021-08,City of London Police,City of London Police,-0.081620,51.516814,On or near Alderman'S Walk,E01032739,City of London 001F,Public order,Awaiting court outcome,
ad19a5250fa05c4347646639712f79c340ad7f261646d55a577e39b62586fe1f,2021-08,City of London Police,City of London Police,-0.079786,51.517576,On or near Police Station,E01032739,City of London 001F,Public order,Unable to prosecute suspect,
4a932df9c668722e831301f77af4a9fc501bf441fed3925fdd87ce4aae79ba4c,2021-08,City of London Police,City of London Police,-0.090419,51.514917,On or near Gresham Street,E01032739,City of London 001F,Public order,Status update unavailable,
126ea3fd4bda0f048595fe3b86b74f898ed5bedc88139f04ac8acf2829d28524,2021-08,City of London Police,City of London Police,-0.079786,51.517576,On or near Police Station,E01032739,City of London 001F,Public order,Awaiting court outcome,
98e6de3456437542700a2b239e17246c1e22ada58fd094592d2523364c05ce41,2021-08,City of London Police,City of London Police,-0.083972,51.510549,On or near Lovat Lane,E01032739,City of London 001F,Public order,Awaiting court outcome,
0062c860591769a52fa57e1e358e872e41f9f8eb8fdc1b1f40b8806acd73fd1f,2021-08,City of London Police,City of London Police,-0.083086,51.511407,On or near Rood Lane,E01032739,City of London 001F,Public order,Awaiting court outcome,
c98926c1bb315158dabcbb9a3f01b070dc55c7478e97c26fa06dbee50271f49d,2021-08,City of London Police,City of London Police,-0.080376,51.517244,On or near Supermarket,E01032739,City of London 001F,Public order,Formal action is not in the public interest,
d66608824562b05ab23f2cf6035a629e96c94c6b0887a4bf16dac2acef61b9f2,2021-08,City of London Police,City of London Police,-0.080376,51.517244,On or near Supermarket,E01032739,City of London 001F,Public order,Status update unavailable,
7f078e50aa7fff155b8a19e8ecff89065d74c41e215d3249414fe7643fd0277a,2021-08,City of London Police,City of London Police,-0.081620,51.516814,On or near Alderman'S Walk,E01032739,City of London 001F,Public order,Status update unavailable,
eeaf212011abdf1ff543079d86300430d5b4ef8aad4de14b6b40f588f900b276,2021-08,City of London Police,City of London Police,-0.104244,51.512749,On or near New Bridge Street,E01032739,City of London 001F,Robbery,Status update unavailable,
63eeb095c5233aca530347e5ce9ba8752353e43d90921237f663089d87e910c7,2021-08,City of London Police,City of London Police,-0.083296,51.517058,On or near Old Broad Street,E01032739,City of London 001F,Robbery,Status update unavailable,
dbf70a5551fbf0094fe33384feb2026679726071c9e9054649c16524506b5050,2021-08,City of London Police,City of London Police,-0.097645,51.515142,On or near St Martin'S Le Grand,E01032739,City of London 001F,Robbery,Status update unavailable,
461caf1b83db861ec17c61b20f22eb529d15a53fd1dfb9c0e1b1aecb8a7860cd,2021-08,City of London Police,City of London Police,-0.081580,51.520510,On or near Pindar Street,E01032739,City of London 001F,Robbery,Investigation complete; no suspect identified,
c89e5dcefd3722a2262aaf2622eb5f17323aa8153c511eb6da7f16e779cfe570,2021-08,City of London Police,City of London Police,-0.080728,51.511611,On or near Supermarket,E01032739,City of London 001F,Robbery,Investigation complete; no suspect identified,
dc604b371b159599a4578736d5245c5b042740ec768bddeaf9e4c121eef860b6,2021-08,City of London Police,City of London Police,-0.084284,51.510671,On or near Eastcheap,E01032739,City of London 001F,Robbery,Investigation complete; no suspect identified,
7fba2b2a80abf8a1a72e35ea1712eefa27f2c774248c393dd0aa6ddced1bbc6e,2021-08,City of London Police,City of London Police,-0.091494,51.510924,On or near College Street,E01032739,City of London 001F,Robbery,Investigation complete; no suspect identified,
fa70a709cb941e07ee99a002cb26bb41621cd32485d27e217f31c3e98bda8c37,2021-08,City of London Police,City of London Police,-0.102647,51.513721,On or near Pilgrim Street,E01032739,City of London 001F,Shoplifting,Investigation complete; no suspect identified,
13c8bf5a91f0b37edfed59bb68b5e24422257d569b20dc49828b5dd2e9cc1ca4,2021-08,City of London Police,City of London Police,-0.084967,51.512598,On or near Bell Inn Yard,E01032739,City of London 001F,Shoplifting,Status update unavailable,
7e69e069754dc8b36759b3c27aa28ea12e7c0cb9454e73e158652ae1b3ade3f7,2021-08,City of London Police,City of London Police,-0.104001,51.513051,On or near Apothecary Street,E01032739,City of London 001F,Shoplifting,Awaiting court outcome,
9a1460f719d435aafe1cc4ca2e1101e68e12481990232a652d74af0bb7ef5621,2021-08,City of London Police,City of London Police,-0.084983,51.510494,On or near Supermarket,E01032739,City of London 001F,Shoplifting,Status update unavailable,
bd6d9cda51308d4bf7911ba9068e12305afd9d61811407f29a762bc361f20698,2021-08,City of London Police,City of London Police,-0.080376,51.517244,On or near Supermarket,E01032739,City of London 001F,Shoplifting,Local resolution,
451b2d603ddfe8510f0276bdd10f9c41d6acaa560d844e9ca01796b63620f989,2021-08,City of London Police,City of London Police,-0.089451,51.517032,On or near Bus/Coach Station,E01032739,City of London 001F,Shoplifting,Offender given a caution,
7ccfa24d32e8934a1d6ab063cdac10c57fcbe2f5386b1df04e8a40bea463a881,2021-08,City of London Police,City of London Police,-0.080376,51.517244,On or near Supermarket,E01032739,City of London 001F,Shoplifting,Status update unavailable,
2e3728206e86e495fb30e8a59379fb7b0146fba6568280f25a88ae6579201324,2021-08,City of London Police,City of London Police,-0.085257,51.511200,On or near Talbot Court,E01032739,City of London 001F,Shoplifting,Investigation complete; no suspect identified,
9412c371a6b6efda94b6e42460981f4908223153829b3bc6e1ede6706cd4844a,2021-08,City of London Police,City of London Police,-0.094628,51.514203,On or near Cheapside,E01032739,City of London 001F,Shoplifting,Awaiting court outcome,
5113014998bcf8b27f313d8df4eab2c07b622d0fef114548b5ebf78cd140e7be,2021-08,City of London Police,City of London Police,-0.079786,51.517576,On or near Police Station,E01032739,City of London 001F,Shoplifting,Awaiting court outcome,
94c9cfa7aece43b6b5d2f6d0874999dec67a73677eb721f9552d2bbbf91dca11,2021-08,City of London Police,City of London Police,-0.084967,51.512598,On or near Bell Inn Yard,E01032739,City of London 001F,Shoplifting,Status update unavailable,
d3f28e38a14d2b703d0b47aaa3ddcb9bbfef6e403e10d2ca554a9ed868b9c20e,2021-08,City of London Police,City of London Police,-0.083993,51.511440,On or near Philpot Lane,E01032739,City of London 001F,Shoplifting,Awaiting court outcome,
a1610ab4b3bd126114a16696e1ad103891f0d51d00d4f7b1f5357c7bd9341551,2021-08,City of London Police,City of London Police,-0.096363,51.513377,On or near New Change,E01032739,City of London 001F,Shoplifting,Status update unavailable,
2c3d8f25b5e9d2203a8a032867f146b4a21d9541954409e7c2ffa6b5cb87a1d7,2021-08,City of London Police,City of London Police,-0.096363,51.513377,On or near New Change,E01032739,City of London 001F,Shoplifting,Status update unavailable,
7c52d469721cea34a5f96bab8d4de5ffdbbf447b4e597255572fbedaf33d7755,2021-08,City of London Police,City of London Police,-0.096363,51.513377,On or near New Change,E01032739,City of London 001F,Shoplifting,Status update unavailable,
ce8a526fb4b8cc96066912c029aaeee4ddcd39958652da7cd099c3699d6cbf76,2021-08,City of London Police,City of London Police,-0.080782,51.514804,On or near St Mary Axe,E01032739,City of London 001F,Shoplifting,Investigation complete; no suspect identified,
5780294e35aaf6323774e45908e5612dbc6da80c233647129d3c2eb2bfa0313e,2021-08,City of London Police,City of London Police,-0.088203,51.518262,On or near Moorgate,E01032739,City of London 001F,Shoplifting,Investigation complete; no suspect identified,
0bd22c55cfbaac3c13140ffc893531e87a1fe0b1b32d4c521640ede1c4dd7de9,2021-08,City of London Police,City of London Police,-0.083296,51.517058,On or near Old Broad Street,E01032739,City of London 001F,Shoplifting,Investigation complete; no suspect identified,
a652780145936050c2ec964507d1c9153c1f719f5fcf95c3f0550b29dd096341,2021-08,City of London Police,City of London Police,-0.082527,51.512027,On or near Cullum Street,E01032739,City of London 001F,Shoplifting,Investigation complete; no suspect identified,
7270060a43f7b4bf8bb63cd6a6c40a3af29a03317932b41823d306ae4bbb6628,2021-08,City of London Police,City of London Police,-0.084967,51.512598,On or near Bell Inn Yard,E01032739,City of London 001F,Shoplifting,Unable to prosecute suspect,
44650dcbc11a6fefdf955e75662f8969a63b06cde0abe01a340cba7a0f41778f,2021-08,City of London Police,City of London Police,-0.096363,51.513377,On or near New Change,E01032739,City of London 001F,Shoplifting,Investigation complete; no suspect identified,
f2fe6e3a7b7a105007b2b1a3801b86f474f0ebebe81bd0ebba01d680e4fbe92e,2021-08,City of London Police,City of London Police,-0.088203,51.518262,On or near Moorgate,E01032739,City of London 001F,Shoplifting,Awaiting court outcome,
5f30078990d8bb7769ae50dadf8a9dc06527014848e2d601c30387c7f0758201,2021-08,City of London Police,City of London Police,-0.084967,51.512598,On or near Bell Inn Yard,E01032739,City of London 001F,Shoplifting,Awaiting court outcome,
d57f90f10c1cce3a4fecf8a78dd71a999f5ddbc13b7336f39734b6f1144c19df,2021-08,City of London Police,City of London Police,-0.080376,51.517244,On or near Supermarket,E01032739,City of London 001F,Shoplifting,Awaiting court outcome,
d73d7f66fd1a61f3e51d122d30c5335cf6a049802d11d1eade6e7525047c54ee,2021-08,City of London Police,City of London Police,-0.097645,51.515142,On or near St Martin'S Le Grand,E01032739,City of London 001F,Shoplifting,Investigation complete; no suspect identified,
e49f627fdd4f40bc7e928ad5569c065c54269ada77657b20e3e64f64451b9d5f,2021-08,City of London Police,City of London Police,-0.094720,51.514420,On or near Wood Street,E01032739,City of London 001F,Shoplifting,Status update unavailable,
adf1c8344381961e2f053c6b9aa9952f991babb99c08362384589a7a5737ec3e,2021-08,City of London Police,City of London Police,-0.084967,51.512598,On or near Bell Inn Yard,E01032739,City of London 001F,Shoplifting,Awaiting court outcome,
8a12ffc8584097ee8c7dcd626ce923d5fcec55cc707d3203f77a5d3edbd08043,2021-08,City of London Police,City of London Police,-0.084967,51.512598,On or near Bell Inn Yard,E01032739,City of London 001F,Shoplifting,Formal action is not in the public interest,
5dfed1d71d387f61eed99e2a7fd95fe6d3167e85fe402a4e3b02f7338d652dfc,2021-08,City of London Police,City of London Police,-0.081620,51.516814,On or near Alderman'S Walk,E01032739,City of London 001F,Shoplifting,Awaiting court outcome,
2998b412bbd65f813a8b6dd220457abea7a1e7b96acfe76cf90b84354c5f62f6,2021-08,City of London Police,City of London Police,-0.080376,51.517244,On or near Supermarket,E01032739,City of London 001F,Shoplifting,Awaiting court outcome,
a144874a1c07344a880b91ba55d830613da5c645c43fa2b7aa91db18de760853,2021-08,City of London Police,City of London Police,-0.092625,51.513865,On or near Cheapside,E01032739,City of London 001F,Shoplifting,Awaiting court outcome,
c6ca5e7862803eb44b764f11d9995fc286c2f7baf23f0760305fda87119d165e,2021-08,City of London Police,City of London Police,-0.084967,51.512598,On or near Bell Inn Yard,E01032739,City of London 001F,Shoplifting,Investigation complete; no suspect identified,
45762d8baffb16e8c2efc69c6e5ab834493c2ed6ed530328930aed0fb3900bde,2021-08,City of London Police,City of London Police,-0.088203,51.518262,On or near Moorgate,E01032739,City of London 001F,Shoplifting,Investigation complete; no suspect identified,
8e4f9290b1b706f01a637816944690e071c98f3144bc74855eb9b39bb323cd34,2021-08,City of London Police,City of London Police,-0.088203,51.518262,On or near Moorgate,E01032739,City of London 001F,Shoplifting,Investigation complete; no suspect identified,
7cd175f33fa6c7c78edf996c552aa6def04b6224785a85f769f6b1f298c29925,2021-08,City of London Police,City of London Police,-0.084967,51.512598,On or near Bell Inn Yard,E01032739,City of London 001F,Shoplifting,Status update unavailable,
7cd175f33fa6c7c78edf996c552aa6def04b6224785a85f769f6b1f298c29925,2021-08,City of London Police,City of London Police,-0.082527,51.512027,On or near Cullum Street,E01032739,City of London 001F,Shoplifting,Awaiting court outcome,
dcc53073f6157d51f6f91fbcac182cfffc66b828049f37874db2be47c4914378,2021-08,City of London Police,City of London Police,-0.084967,51.512598,On or near Bell Inn Yard,E01032739,City of London 001F,Shoplifting,Awaiting court outcome,
c26f316aa790932b153c38387e5e92d564eebaa8f160968ec86798d27cd969c8,2021-08,City of London Police,City of London Police,-0.096363,51.513377,On or near New Change,E01032739,City of London 001F,Shoplifting,Investigation complete; no suspect identified,
cacaf5752dac98a2138541ba367c6961208a7de00a9233dfc8fc826a232ddb1d,2021-08,City of London Police,City of London Police,-0.084967,51.512598,On or near Bell Inn Yard,E01032739,City of London 001F,Shoplifting,Awaiting court outcome,
bf7f1e754668e603ee1444c1d81335cc2f23db9a77aa8b9349a836d33a6310d9,2021-08,City of London Police,City of London Police,-0.088203,51.518262,On or near Moorgate,E01032739,City of London 001F,Shoplifting,Awaiting court outcome,
ae983f212517204e6d0d32a150d1b69a970fa21538112bdf5fbc4d4bda8734fd,2021-08,City of London Police,City of London Police,-0.084967,51.512598,On or near Bell Inn Yard,E01032739,City of London 001F,Shoplifting,Unable to prosecute suspect,
9c9ed34c9d774b3b49262d582e6f9a84677dbf38247837952cd946c3ccf17c10,2021-08,City of London Police,City of London Police,-0.080376,51.517244,On or near Supermarket,E01032739,City of London 001F,Shoplifting,Investigation complete; no suspect identified,
70bfc461051cd3afdc3295815481faa3bf0f926742147a8e60a04b696923d2df,2021-08,City of London Police,City of London Police,-0.086166,51.510828,On or near Eastcheap,E01032739,City of London 001F,Shoplifting,Investigation complete; no suspect identified,
fbd1d167804aad3e83a2a1522c091996f115b86d55efd60a765aa9aa1ee3c751,2021-08,City of London Police,City of London Police,-0.097645,51.515142,On or near St Martin'S Le Grand,E01032739,City of London 001F,Shoplifting,Investigation complete; no suspect identified,
9f7f9d86121448f24d4d5d5c0fd950d1e1549894642b8f0c79cc284326548ed0,2021-08,City of London Police,City of London Police,-0.084983,51.510494,On or near Supermarket,E01032739,City of London 001F,Shoplifting,Formal action is not in the public interest,
19ad66f8eaab1ec2d1b22d0f658bc9dff2ca74827179fd4732cae3303e5b2ae3,2021-08,City of London Police,City of London Police,-0.094628,51.514203,On or near Cheapside,E01032739,City of London 001F,Shoplifting,Awaiting court outcome,
0d18262b5dc3687c2c1fe67b4d7918187cbaeb020f809a44d14bf6f0d60d1fb5,2021-08,City of London Police,City of London Police,-0.080376,51.517244,On or near Supermarket,E01032739,City of London 001F,Shoplifting,Status update unavailable,
f1feed68849ad1ad57b570cbe793cc0a056e4862a44d61d1d835ed7b75f95970,2021-08,City of London Police,City of London Police,-0.084983,51.510494,On or near Supermarket,E01032739,City of London 001F,Shoplifting,Offender given a caution,
97ee90cff6578f3cc6404274fb978861e39154268d40887669c2caa3437ec1a9,2021-08,City of London Police,City of London Police,-0.084967,51.512598,On or near Bell Inn Yard,E01032739,City of London 001F,Shoplifting,Awaiting court outcome,
284149e7de3d89a98da098af2ab4a8e015f5dbad47a99f7f1290fc52170f4f0c,2021-08,City of London Police,City of London Police,-0.084967,51.512598,On or near Bell Inn Yard,E01032739,City of London 001F,Shoplifting,Offender given a caution,
755a2648e0e85d42e19097b08fc5d184c33d02c4af0ecedb5876a26dddbf42c3,2021-08,City of London Police,City of London Police,-0.088013,51.519365,On or near Ropemaker Street,E01032739,City of London 001F,Shoplifting,Unable to prosecute suspect,
8259a80b54a313a3ce141f3bf625d9ffcea2d125e91065e61bc9a9f7b665cb0f,2021-08,City of London Police,City of London Police,-0.084967,51.512598,On or near Bell Inn Yard,E01032739,City of London 001F,Shoplifting,Formal action is not in the public interest,
059dadc0e6e36687648a1d4086109f3b74fbdb2534a06dad849a59f219c21842,2021-08,City of London Police,City of London Police,-0.082571,51.514753,On or near Great St Helen'S,E01032739,City of London 001F,Theft from the person,Investigation complete; no suspect identified,
15520d903cc59c340db9f1b7ac34fa03d588dc3d2c5e7deb4e948b9bc0506cfa,2021-08,City of London Police,City of London Police,-0.084983,51.510494,On or near Supermarket,E01032739,City of London 001F,Theft from the person,Investigation complete; no suspect identified,
f99608d9f4bf00c0ab469970d8a4c5527049cade56d812989b1d76bb0a18fc9a,2021-08,City of London Police,City of London Police,-0.087153,51.518910,On or near South Place Mews,E01032739,City of London 001F,Theft from the person,Investigation complete; no suspect identified,
51b49c5f3fef59f0a09ac2521dffa0bc48a2ab88fd349fc67680be01d084d660,2021-08,City of London Police,City of London Police,-0.088225,51.514656,On or near Lothbury,E01032739,City of London 001F,Theft from the person,Investigation complete; no suspect identified,
829d962921cce65938231c77e720ab3aa5b4c87f99548bd9ad89aff7fd242427,2021-08,City of London Police,City of London Police,-0.081580,51.520510,On or near Pindar Street,E01032739,City of London 001F,Theft from the person,Investigation complete; no suspect identified,
6443e13c50ecc340e90edc59ceacad553c4a22a241e4a7d290490d4bfa983e5d,2021-08,City of London Police,City of London Police,-0.082748,51.512597,On or near Leadenhall Place,E01032739,City of London 001F,Theft from the person,Investigation complete; no suspect identified,
e8c4a7e8efa234b202221a568b5d18ecbf430ea617525b1732ed62490d1875cc,2021-08,City of London Police,City of London Police,-0.101452,51.512650,On or near St Andrew'S Hill,E01032739,City of London 001F,Theft from the person,Investigation complete; no suspect identified,
4ab5b52ece5816c7dfd0c1c4df66b5878f279d62153f3b108f49ca04dbd37f92,2021-08,City of London Police,City of London Police,-0.096814,51.512952,On or near St Paul'S Church Yard,E01032739,City of London 001F,Theft from the person,Investigation complete; no suspect identified,
d22a75a3babba8b6bad9c1bc1d54cfd8dd15da48736987c54a7c780757a189b4,2021-08,City of London Police,City of London Police,-0.100179,51.514158,On or near Shopping Area,E01032739,City of London 001F,Theft from the person,Unable to prosecute suspect,
669de36c1025a220ceb1559ec9d082473172cab4efb92e7d9f61d437767bf8b8,2021-08,City of London Police,City of London Police,-0.078308,51.518091,On or near Widegate Street,E01032739,City of London 001F,Theft from the person,Investigation complete; no suspect identified,
d9a23c974d7e7efc3fdece46604162129388b032cc53cc8a82667ac6c8317076,2021-08,City of London Police,City of London Police,-0.081620,51.516814,On or near Alderman'S Walk,E01032739,City of London 001F,Theft from the person,Investigation complete; no suspect identified,
a22cb192c5c67f7e41106e0eacf61e130828515343a9e0adf44b9101a737150f,2021-08,City of London Police,City of London Police,-0.081540,51.510806,On or near Mincing Lane,E01032739,City of London 001F,Theft from the person,Investigation complete; no suspect identified,
9dbd1790e235929bc86f0111afa923bbd38a77eb719ccb7f346a28b266d199fd,2021-08,City of London Police,City of London Police,-0.084284,51.510671,On or near Eastcheap,E01032739,City of London 001F,Theft from the person,Investigation complete; no suspect identified,
02ffd89cac14cc69b6b42fcb8d6cb9c20148233a4c0d78ee773f921199fd9c28,2021-08,City of London Police,City of London Police,-0.084967,51.512598,On or near Bell Inn Yard,E01032739,City of London 001F,Theft from the person,Investigation complete; no suspect identified,
f3f10b1b78c09994df55a67ddf2d61001b754f5fa98fbfb49e1e65e9161e9db8,2021-08,City of London Police,City of London Police,-0.090506,51.513524,On or near Poultry,E01032739,City of London 001F,Theft from the person,Status update unavailable,
237e8d2dc5f219158af55710e65ac7400ae1c022e90af6a782133183df86843e,2021-08,City of London Police,City of London Police,-0.086764,51.510307,On or near Fish Street Hill,E01032739,City of London 001F,Theft from the person,Status update unavailable,
8e567d46f6e0fb99af7bb3e266ca2ec0606cd4525ac27e95d4b623b05974eea9,2021-08,City of London Police,City of London Police,-0.081620,51.516814,On or near Alderman'S Walk,E01032739,City of London 001F,Theft from the person,Investigation complete; no suspect identified,
c917e42e4130eca435e1987408ef849af02dbc7cbdd22448efe23b3e0b2f05b7,2021-08,City of London Police,City of London Police,-0.092077,51.512147,On or near Tower Royal,E01032739,City of London 001F,Theft from the person,Investigation complete; no suspect identified,
97094b9813f514a1084451b658d209f144ad8f1945824e561e3021f0f9b2684e,2021-08,City of London Police,City of London Police,-0.104275,51.511661,On or near Victoria Embankment,E01032739,City of London 001F,Theft from the person,Investigation complete; no suspect identified,
b77d757408e8fa8d81b03f218703ea5de1c975b3d05bf678087092c55db22eb2,2021-08,City of London Police,City of London Police,-0.086166,51.510828,On or near Eastcheap,E01032739,City of London 001F,Theft from the person,Status update unavailable,
3ad3d90ce034aad5334a60b54ef7ec0471e7a7255d32348334f20917855bda10,2021-08,City of London Police,City of London Police,-0.085355,51.510563,On or near Pudding Lane,E01032739,City of London 001F,Theft from the person,Status update unavailable,
14c87dcd0d3a3f89c5df36c9c11028bc92e7e86097203b0f802ae4986dcfad92,2021-08,City of London Police,City of London Police,-0.081620,51.516814,On or near Alderman'S Walk,E01032739,City of London 001F,Theft from the person,Investigation complete; no suspect identified,
c02513f99bf78e337194132d3f0187ad20a805b207b8c0255d3c35b8fd121918,2021-08,City of London Police,City of London Police,-0.090506,51.513524,On or near Poultry,E01032739,City of London 001F,Theft from the person,Investigation complete; no suspect identified,
d545985cbe397a7514a5428e3eba4100911d2a10e3666315f3da71140da6be69,2021-08,City of London Police,City of London Police,-0.089451,51.517032,On or near Bus/Coach Station,E01032739,City of London 001F,Theft from the person,Status update unavailable,
8f8d76e82597994e31d70fcfa3cf81c2f2b181d4bd08ebc6a671b6c47d3546ed,2021-08,City of London Police,City of London Police,-0.079786,51.517576,On or near Police Station,E01032739,City of London 001F,Theft from the person,Unable to prosecute suspect,
9da049367538ee1fd6b839c6d83aa6dea945e8ea201d0455b48a7fe2cabdf574,2021-08,City of London Police,City of London Police,-0.104001,51.513051,On or near Apothecary Street,E01032739,City of London 001F,Theft from the person,Investigation complete; no suspect identified,
4a6c7ae967e43a2794a3a14d80974b65688e8958789ec61061559234e5e257ed,2021-08,City of London Police,City of London Police,-0.088203,51.518262,On or near Moorgate,E01032739,City of London 001F,Theft from the person,Investigation complete; no suspect identified,
7418df34c49334278281a84f2d59326f7ffdbfe3ec5b238da490d46f5c9285ca,2021-08,City of London Police,City of London Police,-0.100179,51.514158,On or near Shopping Area,E01032739,City of London 001F,Theft from the person,Investigation complete; no suspect identified,
8ecd07435aa792af67ea657e8fb8891364fa9e6c672541fe83a8bd36b25d2c68,2021-08,City of London Police,City of London Police,-0.086166,51.510828,On or near Eastcheap,E01032739,City of London 001F,Theft from the person,Status update unavailable,
14ec21b945d71b347be1b65e136c29af0310a6f7cda6e39b8420431537fe0492,2021-08,City of London Police,City of London Police,-0.087118,51.513199,On or near Nightclub,E01032739,City of London 001F,Theft from the person,Status update unavailable,
c9a2bea1309b4f05e413a3c2f9f76a7bddfb76ad56a8b681b085f9878c79c22c,2021-08,City of London Police,City of London Police,-0.086624,51.511923,On or near Clement'S Lane,E01032739,City of London 001F,Theft from the person,Investigation complete; no suspect identified,
2fd937d7a88090703df69f0cd75e4b897fe578a3a753edf2cc5a635fda76dc64,2021-08,City of London Police,City of London Police,-0.102948,51.512719,On or near Playhouse Yard,E01032739,City of London 001F,Theft from the person,Investigation complete; no suspect identified,
2de8bcbcc1dde181029ab3d7124b363b262364a48f39eec108d971494e93b287,2021-08,City of London Police,City of London Police,-0.093791,51.509414,On or near Southwark Bridge Road,E01032739,City of London 001F,Theft from the person,Investigation complete; no suspect identified,
d96345980a31fdb4bedd0374b5c65a439ed9d306182e87e1825c153d6d988f41,2021-08,City of London Police,City of London Police,-0.088203,51.518262,On or near Moorgate,E01032739,City of London 001F,Theft from the person,Status update unavailable,
c2c3128dfbbc2d0d1ffa7f329bc2ec9b52a145cfa3fd2c773d0dc8ca4e4b498a,2021-08,City of London Police,City of London Police,-0.086166,51.510828,On or near Eastcheap,E01032739,City of London 001F,Theft from the person,Investigation complete; no suspect identified,
67b4d28f9e922d10a5935d18ad197656ca970a787ccc7e4fe0a2275fc1239cff,2021-08,City of London Police,City of London Police,-0.082913,51.513463,On or near Leadenhall Street,E01032739,City of London 001F,Theft from the person,Investigation complete; no suspect identified,
e222c3bb8cd76b29de78c17b2c10c059c5a0f2611df928944df53dd106e888da,2021-08,City of London Police,City of London Police,-0.076853,51.511916,On or near Nightclub,E01032739,City of London 001F,Theft from the person,Status update unavailable,
592ed0b23ca1933c2bd2ace15b18750a9286c9910d669cb8cd2d39d6192f45dd,2021-08,City of London Police,City of London Police,-0.086701,51.510774,On or near Pedestrian Subway,E01032739,City of London 001F,Theft from the person,Unable to prosecute suspect,
f120e6b0fb785f6443395fa14643f7bd22d24a1765291ac62edb78ab2bad0ff7,2021-08,City of London Police,City of London Police,-0.081620,51.516814,On or near Alderman'S Walk,E01032739,City of London 001F,Theft from the person,Status update unavailable,
ef6bfe6d3d872956df348e62ecfef1882eb6e06c53d9900e1f3ee672429f32d7,2021-08,City of London Police,City of London Police,-0.090506,51.513524,On or near Poultry,E01032739,City of London 001F,Theft from the person,Investigation complete; no suspect identified,
419a52d684994b97428dfb82ba4a3c5ff3525ed782477d46d649c77f73fb43ab,2021-08,City of London Police,City of London Police,-0.097645,51.515142,On or near St Martin'S Le Grand,E01032739,City of London 001F,Theft from the person,Investigation complete; no suspect identified,
76df565c5c771c7c343f30871bb63e98a83ffbcabfcc3fef8e5aa401229e74bd,2021-08,City of London Police,City of London Police,-0.081620,51.516814,On or near Alderman'S Walk,E01032739,City of London 001F,Theft from the person,Investigation complete; no suspect identified,
1ccde3be34d02ac9dd20b39275f6e59a0aad0140dc559078ce6a226668b62b9f,2021-08,City of London Police,City of London Police,-0.080782,51.514804,On or near St Mary Axe,E01032739,City of London 001F,Theft from the person,Investigation complete; no suspect identified,
ea1c19d1aa14adceda73f85d0eb276ca1352e31476ad1ed11b3f590257757a9a,2021-08,City of London Police,City of London Police,-0.081620,51.516814,On or near Alderman'S Walk,E01032739,City of London 001F,Theft from the person,Investigation complete; no suspect identified,
c3d53f3537fb794365574d9d2d5417a748d56edd8dc759f52dca9cbe0a6312d6,2021-08,City of London Police,City of London Police,-0.098777,51.512526,On or near Knightrider Street,E01032739,City of London 001F,Theft from the person,Investigation complete; no suspect identified,
bc43d2c5010acd73457fddc469c2abdd37479c63fb9ef197d9ae95b192c9dee1,2021-08,City of London Police,City of London Police,-0.079786,51.517576,On or near Police Station,E01032739,City of London 001F,Theft from the person,Investigation complete; no suspect identified,
55679ba6ca44e2d02f36786d4e129a7e364db4faca8da4758f2faa6caa06a9cd,2021-08,City of London Police,City of London Police,-0.082913,51.513463,On or near Leadenhall Street,E01032739,City of London 001F,Theft from the person,Investigation complete; no suspect identified,
b5314d7aaae561e1eac37044e29df18b93bb6b85615b4736f0be7119948c916c,2021-08,City of London Police,City of London Police,-0.082722,51.518029,On or near Pedestrian Subway,E01032739,City of London 001F,Theft from the person,Investigation complete; no suspect identified,
4ba241ae24e7b91c93a4de903dddd05b570856cbfb764b22f89f200dc0e077eb,2021-08,City of London Police,City of London Police,-0.092865,51.510182,On or near Parking Area,E01032739,City of London 001F,Vehicle crime,Investigation complete; no suspect identified,
9d5b5e30426eeff331a55f9be74cda73e2cbb47a3d0b029b2a6d7ca11b9b0170,2021-08,City of London Police,City of London Police,-0.092865,51.510182,On or near Parking Area,E01032739,City of London 001F,Vehicle crime,Investigation complete; no suspect identified,
123052014c3e1220c5cba2693fc891faeb1d02bd0be63eced3c503a68b431bc4,2021-08,City of London Police,City of London Police,-0.081540,51.510806,On or near Mincing Lane,E01032739,City of London 001F,Vehicle crime,Investigation complete; no suspect identified,
861226dd7c7d208379353bdf53074099e2b0672f82e27c2888acd50abdeb7543,2021-08,City of London Police,City of London Police,-0.087153,51.518910,On or near South Place Mews,E01032739,City of London 001F,Vehicle crime,Investigation complete; no suspect identified,
dc45d691a23c539d515ff3de4c1efab3e2df91e3a34f16a02df2292398a1eb01,2021-08,City of London Police,City of London Police,-0.087760,51.517149,On or near London Wall,E01032739,City of London 001F,Vehicle crime,Investigation complete; no suspect identified,
b76c112208613b1ba6e61213afb37c1172343f5f18652930e60b8c7263310b75,2021-08,City of London Police,City of London Police,-0.099907,51.512031,On or near Queen Victoria Street,E01032739,City of London 001F,Vehicle crime,Investigation complete; no suspect identified,
ea2c625f64f7215d44d5ad4b2fbeb8782e91bf10ce9c1a60f66eb1fb12184ede,2021-08,City of London Police,City of London Police,-0.094628,51.514203,On or near Cheapside,E01032739,City of London 001F,Vehicle crime,Investigation complete; no suspect identified,
6e13b1dd8eaa50994a985acc33a886fbf9ee290231c66af724fc689bfa685916,2021-08,City of London Police,City of London Police,-0.084618,51.512682,On or near Gracechurch Street,E01032739,City of London 001F,Vehicle crime,Status update unavailable,
addd49fc7d963ab8ba39413b3a0c5689fa38b05eb0728ffd575567e076ed3565,2021-08,City of London Police,City of London Police,-0.092865,51.510182,On or near Parking Area,E01032739,City of London 001F,Vehicle crime,Investigation complete; no suspect identified,
fb36c3a15f423b81499c88994a56086b60418acebcd1381000b93414460f4db2,2021-08,City of London Police,City of London Police,-0.094720,51.514420,On or near Wood Street,E01032739,City of London 001F,Violence and sexual offences,Status update unavailable,
7f9f0daf8a3f67ae73f1c660c47594656b2bd2b4197170891a3e7dbb46bb5435,2021-08,City of London Police,City of London Police,-0.085257,51.511200,On or near Talbot Court,E01032739,City of London 001F,Violence and sexual offences,Status update unavailable,
b480a0945ca2ce9d0e8fd5b23b360c261ab34c51349a7a2e5290515b414f2fa6,2021-08,City of London Police,City of London Police,-0.078856,51.518433,On or near Artillery Lane,E01032739,City of London 001F,Violence and sexual offences,Unable to prosecute suspect,
b480a0945ca2ce9d0e8fd5b23b360c261ab34c51349a7a2e5290515b414f2fa6,2021-08,City of London Police,City of London Police,-0.082965,51.516351,On or near Wormwood Street,E01032739,City of London 001F,Violence and sexual offences,Status update unavailable,
74e89573c7252091d0ac3a4646f8b499d0f850b71456feab6da1946a322367df,2021-08,City of London Police,City of London Police,-0.080318,51.520678,On or near Primrose Street,E01032739,City of London 001F,Violence and sexual offences,Status update unavailable,
9d85ec5aa56bc02a8b35bbad0a7c33787a79489aa9caeaef1a0c31c8174b427e,2021-08,City of London Police,City of London Police,-0.081549,51.511625,On or near Mincing Lane,E01032739,City of London 001F,Violence and sexual offences,Unable to prosecute suspect,
65f6bc2717591bc76f321c789be2881f3ae418cf5e8139d117dfb141fdcf4c54,2021-08,City of London Police,City of London Police,-0.080322,51.510651,On or near Mark Lane,E01032739,City of London 001F,Violence and sexual offences,Status update unavailable,
d5429d6144c3faa368c864751a8b9c3ced29de5b3bd2501b9639a69165afe564,2021-08,City of London Police,City of London Police,-0.081620,51.516814,On or near Alderman'S Walk,E01032739,City of London 001F,Violence and sexual offences,Formal action is not in the public interest,
715a58a31c35db2bc0f29024039c37b57856e1e0dbfa538bb1959e66c323e7ea,2021-08,City of London Police,City of London Police,-0.082458,51.517431,On or near Liverpool Street,E01032739,City of London 001F,Violence and sexual offences,Status update unavailable,
029de044e5272b786ee008ca714a002dc4b256574a388826cef665d6042e7a65,2021-08,City of London Police,City of London Police,-0.088614,51.516371,On or near Moorgate Place,E01032739,City of London 001F,Violence and sexual offences,Awaiting court outcome,
69b9de7769c3556b44afd4966d10e6b86983a105a506ec03b055bb047a6324ce,2021-08,City of London Police,City of London Police,-0.087525,51.510364,On or near Arthur Street,E01032739,City of London 001F,Violence and sexual offences,Formal action is not in the public interest,
69b9de7769c3556b44afd4966d10e6b86983a105a506ec03b055bb047a6324ce,2021-08,City of London Police,City of London Police,-0.088042,51.511794,On or near Abchurch Lane,E01032739,City of London 001F,Violence and sexual offences,Status update unavailable,
47c20b6c2161afb5f9d4e05f97c52e552137cd1a700fcfb114bc56da9a99bf9d,2021-08,City of London Police,City of London Police,-0.081540,51.510806,On or near Mincing Lane,E01032739,City of London 001F,Violence and sexual offences,Unable to prosecute suspect,
ecd2c25f840847a7640af42f928dc35317b15168086ab32f9f7957ca7b8d461b,2021-08,City of London Police,City of London Police,-0.079786,51.517576,On or near Police Station,E01032739,City of London 001F,Violence and sexual offences,Investigation complete; no suspect identified,
40eb1f6e8a8c75b484820827611a9fdc3d307329f4654f492cd83a7c683b5c60,2021-08,City of London Police,City of London Police,-0.094720,51.514420,On or near Wood Street,E01032739,City of London 001F,Violence and sexual offences,Status update unavailable,
3b790e2260d14c6239735cec03f541faca274a19e3aff82b47fd5ee86ba5d69c,2021-08,City of London Police,City of London Police,-0.091494,51.510924,On or near College Street,E01032739,City of London 001F,Violence and sexual offences,Status update unavailable,
9996576dbfde5c48997b613cc990d09f62a1a57aa367886e5e555d39fb737249,2021-08,City of London Police,City of London Police,-0.096363,51.513377,On or near New Change,E01032739,City of London 001F,Violence and sexual offences,Investigation complete; no suspect identified,
863ad06be0cbb08da2c902873e6757d05467c0195008700908f3ce4aab2e22c3,2021-08,City of London Police,City of London Police,-0.082965,51.516351,On or near Wormwood Street,E01032739,City of London 001F,Violence and sexual offences,Unable to prosecute suspect,
d47aa18456cb02483ea86180ac7caa6621cce79819aecfac2010699028c4914c,2021-08,City of London Police,City of London Police,-0.081620,51.516814,On or near Alderman'S Walk,E01032739,City of London 001F,Violence and sexual offences,Investigation complete; no suspect identified,
bd6d656fc40fb1c76acc93fd4869c9fb684625ecbc71dcb6ddd7fa80fbbeeb3b,2021-08,City of London Police,City of London Police,-0.089218,51.516057,On or near Moorgate,E01032739,City of London 001F,Violence and sexual offences,Investigation complete; no suspect identified,
f15cd60387bac331739c59a3c74cd46542033c24dea089faa0e8f8b8bcf30a98,2021-08,City of London Police,City of London Police,-0.084284,51.510671,On or near Eastcheap,E01032739,City of London 001F,Violence and sexual offences,Investigation complete; no suspect identified,
915840952df7833a3e26c988923f20295780c3fc0aa66195a973e7b3105ab17d,2021-08,City of London Police,City of London Police,-0.104001,51.513051,On or near Apothecary Street,E01032739,City of London 001F,Violence and sexual offences,Investigation complete; no suspect identified,
d3f86f2956d0faa96ee0f7fd00bc021677247cfc7e98354ff7fd7edf508b012b,2021-08,City of London Police,City of London Police,-0.089218,51.516057,On or near Moorgate,E01032739,City of London 001F,Violence and sexual offences,Status update unavailable,
f9aec9a6af4c5a7195d74eeabcbf17eaa20a29a748c32b02c642c1fa5d703a03,2021-08,City of London Police,City of London Police,-0.081620,51.516814,On or near Alderman'S Walk,E01032739,City of London 001F,Violence and sexual offences,Investigation complete; no suspect identified,
814459529980e1fbaab75cacaaf0ee6355953f595993c4196d1c4d3756dfc84f,2021-08,City of London Police,City of London Police,-0.091494,51.510924,On or near College Street,E01032739,City of London 001F,Violence and sexual offences,Investigation complete; no suspect identified,
2d6f541bfa75557d6a6e97bc85e6fbeedbed2be130452e5abf0243aeb9a0b0dd,2021-08,City of London Police,City of London Police,-0.090797,51.514482,On or near Old Jewry,E01032739,City of London 001F,Violence and sexual offences,Awaiting court outcome,
c6bf5f0181bb2a6c319fbeb9952cb7e8c6edace90da06bbb5a3772c60dd39d56,2021-08,City of London Police,City of London Police,-0.085014,51.509775,On or near Monument Street,E01032739,City of London 001F,Violence and sexual offences,Unable to prosecute suspect,
05186c2e381257b37a00bb4ac3c75bf03e9ba5ead51c13a787bcbbdbe96edd1d,2021-08,City of London Police,City of London Police,-0.091494,51.510924,On or near College Street,E01032739,City of London 001F,Violence and sexual offences,Investigation complete; no suspect identified,
64d663faee0bc6c3327ab058c9efd8b55e0be2b53e0df628624f33b467e9ea53,2021-08,City of London Police,City of London Police,-0.092077,51.512147,On or near Tower Royal,E01032739,City of London 001F,Violence and sexual offences,Investigation complete; no suspect identified,
bd9036fc58a6d5c50d42b0b72b9fe3758fecccc3107b6caa1c6b46105ea70bb1,2021-08,City of London Police,City of London Police,-0.078665,51.509950,On or near Muscovy Street,E01032739,City of London 001F,Violence and sexual offences,Investigation complete; no suspect identified,
a03005286310f5364c06f34c5c9b519e13642ac22de877d4a544aa5317c67b68,2021-08,City of London Police,City of London Police,-0.079011,51.509614,On or near Pedestrian Subway,E01032739,City of London 001F,Violence and sexual offences,Status update unavailable,
b6d57796d4ee1844c09db9f79e7e46305ee87bc075c6e524699a5c2d77184f36,2021-08,City of London Police,City of London Police,-0.094231,51.511984,On or near Great Trinity Lane,E01032739,City of London 001F,Violence and sexual offences,Status update unavailable,
4d9ee4b99c8bb08a36a58c1c58a50b2de1384b3aa0e70db58b529ff0dc5f4419,2021-08,City of London Police,City of London Police,-0.082965,51.516351,On or near Wormwood Street,E01032739,City of London 001F,Violence and sexual offences,Status update unavailable,
8d0cf99769826b33806a2d233d9e22c9526133f059506ebe518f5dec75fab651,2021-08,City of London Police,City of London Police,-0.079786,51.517576,On or near Police Station,E01032739,City of London 001F,Violence and sexual offences,Awaiting court outcome,
b494530afc0e9c9087fe7b46e55f1d2d8e613f6d2630933d17e411a4f336d4f6,2021-08,City of London Police,City of London Police,-0.082512,51.512387,On or near Lime Street,E01032739,City of London 001F,Violence and sexual offences,Investigation complete; no suspect identified,
629835f779ca8aac387ad2f2166a73cae2946dad2ac4bd552685b3733a97652f,2021-08,City of London Police,City of London Police,-0.088233,51.515484,On or near Tokenhouse Yard,E01032739,City of London 001F,Violence and sexual offences,Status update unavailable,
b6275a903717b9fe21b4dd0652e095ba8497b778e012c4f16f67b72796a86280,2021-08,City of London Police,City of London Police,-0.092077,51.512147,On or near Tower Royal,E01032739,City of London 001F,Violence and sexual offences,Awaiting court outcome,
d9b71dc63b1ed30a7c19a505cfc350b162ea5bb72a2fad8a53fcb93bebdac8a1,2021-08,City of London Police,City of London Police,-0.084967,51.512598,On or near Bell Inn Yard,E01032739,City of London 001F,Violence and sexual offences,Unable to prosecute suspect,
4e0d5decb0b2c9832c42b8eaa95ca340062981c9c02f82f0215a49c4d75649a3,2021-08,City of London Police,City of London Police,-0.081620,51.516814,On or near Alderman'S Walk,E01032739,City of London 001F,Violence and sexual offences,Status update unavailable,
f829899cad010fda75e4e2caa76e1456bd40288c8772320fa9e981fa8e109af0,2021-08,City of London Police,City of London Police,-0.080034,51.513389,On or near Leadenhall Street,E01032739,City of London 001F,Violence and sexual offences,Status update unavailable,
6ac01e13bbca04230e39fa7a697bbdc3ec4a5ec53616b338cc80fd50bc298159,2021-08,City of London Police,City of London Police,-0.081620,51.516814,On or near Alderman'S Walk,E01032739,City of London 001F,Violence and sexual offences,Awaiting court outcome,
1baba624138c76cf94e848befe736a8b6bb9a02f368cb312ab8c1ea8128b1c00,2021-08,City of London Police,City of London Police,-0.082965,51.516351,On or near Wormwood Street,E01032739,City of London 001F,Violence and sexual offences,Status update unavailable,
4b3c6f5a85bf7fa59c11960f586389a7b09c83633c584079df2b1f5dff1f1472,2021-08,City of London Police,City of London Police,-0.079786,51.517576,On or near Police Station,E01032739,City of London 001F,Violence and sexual offences,Unable to prosecute suspect,
ba4766ec64f2f2f093097e336cca467817be5e92fda1d81097601ddabeedaaca,2021-08,City of London Police,City of London Police,-0.079786,51.517576,On or near Police Station,E01032739,City of London 001F,Violence and sexual offences,Formal action is not in the public interest,
295ee2755d769a248c61a4c714fe438f2d1952e731c2f69f2f4f7910613ba7a9,2021-08,City of London Police,City of London Police,-0.101959,51.513297,On or near Carter Lane,E01032739,City of London 001F,Violence and sexual offences,Status update unavailable,
3ac63c1f9dcf2a3403b29de454f556fe7b6e7879b677bbdb748480685ea50274,2021-08,City of London Police,City of London Police,-0.100179,51.514158,On or near Shopping Area,E01032739,City of London 001F,Violence and sexual offences,Status update unavailable,
84ee24c4d8dee95b1eec18b4ef04d84c1b53bc21559a1057b0651b236ba9615a,2021-08,City of London Police,City of London Police,-0.087780,51.508066,On or near Borough High Street,E01032739,City of London 001F,Violence and sexual offences,Unable to prosecute suspect,
12075c58897e890b7332df874cfee927f85421bd8dbb72b5b27aca1dfc637d29,2021-08,City of London Police,City of London Police,-0.082458,51.517431,On or near Liverpool Street,E01032739,City of London 001F,Violence and sexual offences,Investigation complete; no suspect identified,
6cdde7cdfc69399bda8cb69c13fb62dad30cbc0b24fd10b18f2f844f587b5060,2021-08,City of London Police,City of London Police,-0.083972,51.510549,On or near Lovat Lane,E01032739,City of London 001F,Violence and sexual offences,Investigation complete; no suspect identified,
eabe7aff06fee70d8b693a74b90537d643843d9d496085c58663e41fc9c22409,2021-08,City of London Police,City of London Police,-0.083506,51.509993,On or near St Mary At Hill,E01032739,City of London 001F,Violence and sexual offences,Investigation complete; no suspect identified,
be5104da7997e975f552a42449b5750156eb1c9c5de19f1336da42603d2388aa,2021-08,City of London Police,City of London Police,-0.078484,51.517680,On or near Catherine Wheel Alley,E01032739,City of London 001F,Violence and sexual offences,Status update unavailable,
0dd7ead343201cda55a1de962f879b09140a7d6ff9f77345d409fab7e361418c,2021-08,City of London Police,City of London Police,-0.080376,51.517244,On or near Supermarket,E01032739,City of London 001F,Violence and sexual offences,Status update unavailable,
be5104da7997e975f552a42449b5750156eb1c9c5de19f1336da42603d2388aa,2021-08,City of London Police,City of London Police,-0.077694,51.513171,On or near Aldgate,E01032739,City of London 001F,Violence and sexual offences,Status update unavailable,
12143c9713d1947f46085f0510e0e3da140544b6aba6cc0551e85008411b2ac3,2021-08,City of London Police,City of London Police,-0.094628,51.514203,On or near Cheapside,E01032739,City of London 001F,Violence and sexual offences,Status update unavailable,
cb26ae2934ba5fec5f0c3578eb7197404f3d8a4851468e256118f6246735710d,2021-08,City of London Police,City of London Police,-0.081620,51.516814,On or near Alderman'S Walk,E01032739,City of London 001F,Violence and sexual offences,Unable to prosecute suspect,
4ba002da6c6234ace38aead364ad29254cfe97a4c49362a029f1c58de525d352,2021-08,City of London Police,City of London Police,-0.081620,51.516814,On or near Alderman'S Walk,E01032739,City of London 001F,Violence and sexual offences,Unable to prosecute suspect,
4555ba3be10bd52272cef320c2dcf58525d577b4e106a3041df76aa938b6705e,2021-08,City of London Police,City of London Police,-0.087780,51.508066,On or near Borough High Street,E01032739,City of London 001F,Violence and sexual offences,Unable to prosecute suspect,
a85b087a36f7ec0a327a261b36925c49178eab96533187bcedc33972d09cf137,2021-08,City of London Police,City of London Police,-0.081580,51.520510,On or near Pindar Street,E01032739,City of London 001F,Violence and sexual offences,Status update unavailable,
4bfe595ffaedc7b168ac0aa72091f00af3280d7a9418b341c7dcfb6c028020e5,2021-08,City of London Police,City of London Police,-0.081620,51.516814,On or near Alderman'S Walk,E01032739,City of London 001F,Violence and sexual offences,Status update unavailable,
8ce4e9c2cca4b1cef3426312d88f59d3443021ef5400a41ae6d3f299038c85d3,2021-08,City of London Police,City of London Police,-0.081620,51.516814,On or near Alderman'S Walk,E01032739,City of London 001F,Violence and sexual offences,Investigation complete; no suspect identified,
07d51582b54e4afa54dc9ee6832aca8469d96ff30e0f27fb46f0fda735833ec2,2021-08,City of London Police,City of London Police,-0.086166,51.510828,On or near Eastcheap,E01032739,City of London 001F,Violence and sexual offences,Investigation complete; no suspect identified,
9c49911f5fad1e43387b6be38fca5f750ffa854911126c8e207fb89472f6c121,2021-08,City of London Police,City of London Police,-0.093465,51.514463,On or near Russia Row,E01032739,City of London 001F,Other crime,Investigation complete; no suspect identified,
2709beee74ce3f5307650e97eee12a3f1d1b9085c0ceb59bb461f37c9d033b03,2021-08,City of London Police,City of London Police,-0.082527,51.512027,On or near Cullum Street,E01032739,City of London 001F,Other crime,Investigation complete; no suspect identified,
25dfdceaa1637dcbb9652c7d081c328453532ec04e16f707c919eb1cb49ba2bc,2021-08,City of London Police,City of London Police,-0.079786,51.517576,On or near Police Station,E01032739,City of London 001F,Other crime,Awaiting court outcome,
,2021-08,City of London Police,City of London Police,-0.112939,51.518231,On or near Southampton Buildings,E01032740,City of London 001G,Anti-social behaviour,,
,2021-08,City of London Police,City of London Police,-0.105900,51.516966,On or near Plumtree Court,E01032740,City of London 001G,Anti-social behaviour,,
,2021-08,City of London Police,City of London Police,-0.108965,51.516386,On or near Plough Place,E01032740,City of London 001G,Anti-social behaviour,,
,2021-08,City of London Police,City of London Police,-0.102380,51.517728,On or near Hosier Lane,E01032740,City of London 001G,Anti-social behaviour,,
,2021-08,City of London Police,City of London Police,-0.104134,51.514699,On or near Old Seacoal Lane,E01032740,City of London 001G,Anti-social behaviour,,
,2021-08,City of London Police,City of London Police,-0.106214,51.513905,On or near Salisbury Court,E01032740,City of London 001G,Anti-social behaviour,,
,2021-08,City of London Police,City of London Police,-0.102380,51.517728,On or near Hosier Lane,E01032740,City of London 001G,Anti-social behaviour,,
,2021-08,City of London Police,City of London Police,-0.109826,51.516814,On or near Norwich Street,E01032740,City of London 001G,Anti-social behaviour,,
a625062d4f3f882a830bdc2360871bfd2721d392b819a4d13ab80d2a313bb4af,2021-08,City of London Police,City of London Police,-0.108283,51.517526,On or near Supermarket,E01032740,City of London 001G,Bicycle theft,Investigation complete; no suspect identified,
e0951b68f3143a514c6a45577e04625986298ddaa7b6e006db3c8feee9b35806,2021-08,City of London Police,City of London Police,-0.104909,51.517912,On or near Parking Area,E01032740,City of London 001G,Bicycle theft,Investigation complete; no suspect identified,
9960fa19c9e4c645d0b5a7c0bfe3320415de27791fbe3be1fb9d57ecf3abe0f6,2021-08,City of London Police,City of London Police,-0.104442,51.511466,On or near Pedestrian Subway,E01032740,City of London 001G,Burglary,Investigation complete; no suspect identified,
b77be6a56caaebe62aeea6ca95bfe340c91812c7f21d21de0c8e2af14cb62a09,2021-08,City of London Police,City of London Police,-0.102930,51.518375,On or near West Smithfield,E01032740,City of London 001G,Burglary,Investigation complete; no suspect identified,
074979c2f4bb477b9f094a94ba769e4a41c895d545328a548ae5737e679e6054,2021-08,City of London Police,City of London Police,-0.110710,51.513914,On or near Fleet Street,E01032740,City of London 001G,Burglary,Investigation complete; no suspect identified,
b57110c5f9fe3d4bf84805593ff0cd3a37190b42e87e044e614870edc976416a,2021-08,City of London Police,City of London Police,-0.102930,51.518375,On or near West Smithfield,E01032740,City of London 001G,Criminal damage and arson,Investigation complete; no suspect identified,
9d78b23a7e5539977d894e5c0d49f31b5048bf66270d84cfd455b9df69d6abcf,2021-08,City of London Police,City of London Police,-0.102930,51.518375,On or near West Smithfield,E01032740,City of London 001G,Criminal damage and arson,Investigation complete; no suspect identified,
ffc3b020fb51f9fd14b8fd39a0dc3f85f2dc96010c8e4fd2b0d88a51fb8d998c,2021-08,City of London Police,City of London Police,-0.104887,51.516347,On or near Farringdon Street,E01032740,City of London 001G,Criminal damage and arson,Investigation complete; no suspect identified,
7152ba8edecb15c511af4d562a2fbc2cc158f25962bf23bc6af3c3c64cc14fa3,2021-08,City of London Police,City of London Police,-0.102721,51.515404,On or near St Georges'S Court,E01032740,City of London 001G,Criminal damage and arson,Investigation complete; no suspect identified,
d5d7e447bd12adce7d8f6b935f0c2ed92d4d408731c8c350255826d6a398122e,2021-08,City of London Police,City of London Police,-0.103419,51.514921,On or near Limeburner Lane,E01032740,City of London 001G,Criminal damage and arson,Investigation complete; no suspect identified,
014288013a08ec09ad85dfbbd988ae9f59119507ec088dfbb3b26c59ba432cd1,2021-08,City of London Police,City of London Police,-0.106680,51.515882,On or near Parking Area,E01032740,City of London 001G,Criminal damage and arson,Investigation complete; no suspect identified,
d118e3a977cd095fab57a367861804e48534ed1ca5daf3e6bfd246b99c5dedda,2021-08,City of London Police,City of London Police,-0.108965,51.516386,On or near Plough Place,E01032740,City of London 001G,Drugs,Status update unavailable,
c3514a61d74f6851307a7d2f2ad0efb18bf0f16321272414a7bd29df1ef4c28b,2021-08,City of London Police,City of London Police,-0.110710,51.513914,On or near Fleet Street,E01032740,City of London 001G,Drugs,Status update unavailable,
3952fcc51c777c8f7ae9a7b9bd7c1134765b7303977b925124d61c8d2e68bc3e,2021-08,City of London Police,City of London Police,-0.108283,51.517526,On or near Supermarket,E01032740,City of London 001G,Other theft,Status update unavailable,
ed15ac640e2dd8ab949978d69da2d23c2f40e1af3e8513ed394e573284f5086c,2021-08,City of London Police,City of London Police,-0.102741,51.513885,On or near Pageantmaster Court,E01032740,City of London 001G,Other theft,Investigation complete; no suspect identified,
fd1b9614bb93ba0935e4cdbe66a0d433b1fb002b37335ff064e6b0aff31250c5,2021-08,City of London Police,City of London Police,-0.108965,51.516386,On or near Plough Place,E01032740,City of London 001G,Other theft,Investigation complete; no suspect identified,
22014109fa6244de1a7e14e5943e2383eb63cb0d908e3a0de1e2938b0d806e19,2021-08,City of London Police,City of London Police,-0.104300,51.511761,On or near Pedestrian Subway,E01032740,City of London 001G,Other theft,Investigation complete; no suspect identified,
30302e5aba06cba5c3f4ea3fb75331629e6dfd0edc7362174f4f2d726bd8e599,2021-08,City of London Police,City of London Police,-0.104252,51.516733,On or near Supermarket,E01032740,City of London 001G,Other theft,Investigation complete; no suspect identified,
727199557ad34fcf03a34af79b49c95d2a5e4902b32861597a0eddc3a58632d7,2021-08,City of London Police,City of London Police,-0.098886,51.519254,On or near Kinghorn Street,E01032740,City of London 001G,Other theft,Investigation complete; no suspect identified,
1791e81e755b2ffdf3fc1be87f58308c5921f92363ec63414f0c1ae96d4dc7d5,2021-08,City of London Police,City of London Police,-0.101794,51.516207,On or near Newgate Street,E01032740,City of London 001G,Other theft,Investigation complete; no suspect identified,
b6f795537919ad9e4b3efce10d8d0943781642a229f18d6edd572a7f283f0e0f,2021-08,City of London Police,City of London Police,-0.102741,51.513885,On or near Pageantmaster Court,E01032740,City of London 001G,Other theft,Investigation complete; no suspect identified,
1a137708942a8b3889b1cbe09ea231148aebb6684198897581a382417d7c7be0,2021-08,City of London Police,City of London Police,-0.104281,51.516032,On or near Bear Alley,E01032740,City of London 001G,Other theft,Investigation complete; no suspect identified,
d1fd6613db7d9f2775e25c231473c095b0fc0b45afd04441cdace6467414d957,2021-08,City of London Police,City of London Police,-0.104281,51.516032,On or near Bear Alley,E01032740,City of London 001G,Other theft,Investigation complete; no suspect identified,
655f802d987ae69c9d8759be8ae2a826c6540af975774bc6be191578bc2d8e7f,2021-08,City of London Police,City of London Police,-0.102380,51.517728,On or near Hosier Lane,E01032740,City of London 001G,Other theft,Investigation complete; no suspect identified,
71ceaad36acb646764fd3f607c4a92e5570d393b289e128ed4115a87abd2adba,2021-08,City of London Police,City of London Police,-0.104252,51.516733,On or near Supermarket,E01032740,City of London 001G,Other theft,Investigation complete; no suspect identified,
be243b2afef186271d457de55c7512f6a4bab2d213f12cece9c4a595c9291997,2021-08,City of London Police,City of London Police,-0.109709,51.517909,On or near High Holborn,E01032740,City of London 001G,Other theft,Investigation complete; no suspect identified,
56f8d8e5df907bcf074651b1f7442b6296b78f9e6480ff8f4d4e8d3341c5cef3,2021-08,City of London Police,City of London Police,-0.104909,51.517912,On or near Parking Area,E01032740,City of London 001G,Possession of weapons,Status update unavailable,
dfa47443c08d358a097f5315c1788abae74b1ef9dd95123415d98f63f4045f4a,2021-08,City of London Police,City of London Police,-0.102741,51.513885,On or near Pageantmaster Court,E01032740,City of London 001G,Public order,Investigation complete; no suspect identified,
4ca40a5c107bdee40d4faefc43fcc1ea557f110d0540d26187ef8afb2e482ac0,2021-08,City of London Police,City of London Police,-0.108965,51.516386,On or near Plough Place,E01032740,City of London 001G,Robbery,Status update unavailable,
b19ae660efa5acfa97cef53acff7372b09bce4c8e665d8076d7081b70fd7af20,2021-08,City of London Police,City of London Police,-0.108018,51.511749,On or near Temple Avenue,E01032740,City of London 001G,Robbery,Investigation complete; no suspect identified,
4e74c18433b078de6999c01133b4e0d5a2187bafb8c0d75561f87275f4d08d40,2021-08,City of London Police,City of London Police,-0.104252,51.516733,On or near Supermarket,E01032740,City of London 001G,Shoplifting,Investigation complete; no suspect identified,
1fc48b2bbca80e8b88d48a93c1a528f786a555caa7761a3bf5d832af4c287258,2021-08,City of London Police,City of London Police,-0.102930,51.518375,On or near West Smithfield,E01032740,City of London 001G,Shoplifting,Investigation complete; no suspect identified,
d2094af235346837c964316b2a7b34008a70806926e985730b1549943d269b4b,2021-08,City of London Police,City of London Police,-0.105134,51.513869,On or near Bride Lane,E01032740,City of London 001G,Shoplifting,Investigation complete; no suspect identified,
e62635adbaa7bc61d36320c80ea9d43f4d77b93bd34a5e081e779d19e70c92fc,2021-08,City of London Police,City of London Police,-0.109709,51.517909,On or near High Holborn,E01032740,City of London 001G,Theft from the person,Investigation complete; no suspect identified,
7e114e3e762acc43924683ff7da05e7aa2578da5760055cb1a8ef71e130f9c85,2021-08,City of London Police,City of London Police,-0.111132,51.512420,On or near Middle Temple Lane,E01032740,City of London 001G,Theft from the person,Investigation complete; no suspect identified,
be726562f1e07e76f31fd1b11c4038d2cc252305cdc3c2864c2283c474c8bb4f,2021-08,City of London Police,City of London Police,-0.107147,51.517130,On or near St Andrew Street,E01032740,City of London 001G,Theft from the person,Investigation complete; no suspect identified,
81465435eb649bcdc497a356c10b3120e60b996731e0f5731a003bddb2ed6f80,2021-08,City of London Police,City of London Police,-0.108231,51.513928,On or near Pleydell Street,E01032740,City of London 001G,Theft from the person,Investigation complete; no suspect identified,
ce1d64ff511a8c0db70822cc9ccbf8944fbd53bd850c449d6ff791d73d0929b8,2021-08,City of London Police,City of London Police,-0.108965,51.516386,On or near Plough Place,E01032740,City of London 001G,Theft from the person,Investigation complete; no suspect identified,
41d0a3833726d60a38f2c56f14d85b6983ac055cf2916ca5a2c3c8c01d9e3fea,2021-08,City of London Police,City of London Police,-0.108164,51.516571,On or near New Fetter Lane,E01032740,City of London 001G,Theft from the person,Investigation complete; no suspect identified,
31f90127177b4d8f3e76f090dd8e71a3e08bbe8fdf35c43f2d163b8cf600064c,2021-08,City of London Police,City of London Police,-0.108283,51.517526,On or near Supermarket,E01032740,City of London 001G,Theft from the person,Status update unavailable,
bc763c4615d7e7b85421254b47ad68f6b9c28f4023c646f8ee05693af91e9563,2021-08,City of London Police,City of London Police,-0.108283,51.517526,On or near Supermarket,E01032740,City of London 001G,Theft from the person,Investigation complete; no suspect identified,
76d34bf6c5eedbdb11762591625ace6381c96c9581cd9bfd43479cf84f6630ee,2021-08,City of London Police,City of London Police,-0.099848,51.519350,On or near Long Lane,E01032740,City of London 001G,Theft from the person,Investigation complete; no suspect identified,
73bd74aa5828188241cc9339b0c545bfa998358b55486eb2159572408a7fbe0c,2021-08,City of London Police,City of London Police,-0.104909,51.517912,On or near Parking Area,E01032740,City of London 001G,Theft from the person,Investigation complete; no suspect identified,
30cc9bea1189d784984af8f7d10f959d28e3faff70cf0feb1c397f8fba09ed3d,2021-08,City of London Police,City of London Police,-0.106680,51.515882,On or near Parking Area,E01032740,City of London 001G,Theft from the person,Investigation complete; no suspect identified,
e35d2d704d12fd555c87d9981d248f811392ace849f8f6638da27e032f294b41,2021-08,City of London Police,City of London Police,-0.109081,51.515327,On or near West Harding Street,E01032740,City of London 001G,Theft from the person,Status update unavailable,
7362ca229efe299c1141d2a2f2a48185d9fda35f8917b77abfa9460707af0a57,2021-08,City of London Police,City of London Police,-0.102741,51.513885,On or near Pageantmaster Court,E01032740,City of London 001G,Theft from the person,Investigation complete; no suspect identified,
95439c5879a723862ee1e0ac25347721eff0794b304a7e74596388ad879d2688,2021-08,City of London Police,City of London Police,-0.108231,51.513928,On or near Pleydell Street,E01032740,City of London 001G,Theft from the person,Investigation complete; no suspect identified,
401a16a7ac5ecaabe2fd9954b1b48acac10e5d081a12f8775fb263d277fb15e4,2021-08,City of London Police,City of London Police,-0.107147,51.517130,On or near St Andrew Street,E01032740,City of London 001G,Theft from the person,Investigation complete; no suspect identified,
9758c481588b9c533c06c42bf2cd92d57a66d57a772f1ee493014da6de58d983,2021-08,City of London Police,City of London Police,-0.107793,51.515450,On or near East Harding Street,E01032740,City of London 001G,Theft from the person,Investigation complete; no suspect identified,
814be9787736b322915c9900480b57ea739e5b041e8073ebd452c0006552d534,2021-08,City of London Police,City of London Police,-0.106922,51.514204,On or near Fleet Street,E01032740,City of London 001G,Theft from the person,Status update unavailable,
2c6d2934172beeb46b58d649b86f9645dc68c635255e9e59aaafb43c3368a8da,2021-08,City of London Police,City of London Police,-0.104252,51.516733,On or near Supermarket,E01032740,City of London 001G,Vehicle crime,Investigation complete; no suspect identified,
2d837af73ef0ff2702ce2027fee91e522190f74e979b0ce817a5bae14c0279f4,2021-08,City of London Police,City of London Police,-0.103280,51.514109,On or near Ludgate Hill,E01032740,City of London 001G,Violence and sexual offences,Local resolution,
d8a814a4e2cdf5bd8aaf814222150bf82b5106b9481b90f1501520227972e5cd,2021-08,City of London Police,City of London Police,-0.102721,51.515404,On or near St Georges'S Court,E01032740,City of London 001G,Violence and sexual offences,Unable to prosecute suspect,
93f529fd0f74eb18be84ce5c72b45d8a5aee968d71b83a7689b35bcbfb9a2b89,2021-08,City of London Police,City of London Police,-0.102721,51.515404,On or near St Georges'S Court,E01032740,City of London 001G,Violence and sexual offences,Unable to prosecute suspect,
3db2b1a1722e6e68d75cc038b5c312c1920780e4a977aa0053b2a07732e03188,2021-08,City of London Police,City of London Police,-0.105561,51.510873,On or near Ferry Terminal,E01032740,City of London 001G,Violence and sexual offences,Investigation complete; no suspect identified,
5f9757d0be1a1ae36dffe0698a1e8d1985a4bce2ba489b479e6ed378af44e044,2021-08,City of London Police,City of London Police,-0.104973,51.512887,On or near Bridewell Place,E01032740,City of London 001G,Violence and sexual offences,Unable to prosecute suspect,
a8225713b78a30bab9eb6e1a2f439f43ce766231e8b091402d3918c68af3e6f5,2021-08,City of London Police,City of London Police,-0.106922,51.514204,On or near Fleet Street,E01032740,City of London 001G,Violence and sexual offences,Investigation complete; no suspect identified,
cfb191d21409721dfe7d7928cb1a3e54c5c81b41a583815e630fb05046b82bc7,2021-08,City of London Police,City of London Police,-0.104621,51.512692,On or near Supermarket,E01032740,City of London 001G,Violence and sexual offences,Investigation complete; no suspect identified,
4862fe143a71ede4882ec67e98e03fc661783dd2d4fafb33ad5310b1f4b768ee,2021-08,City of London Police,City of London Police,-0.080178,51.522312,On or near Hearn Street,E01033708,Hackney 027G,Public order,Status update unavailable,
e573ab1209cf8d7a64c787089aeaf88b282025c42872e6253fd0068e1a3b124b,2021-08,City of London Police,City of London Police,-0.080178,51.522312,On or near Hearn Street,E01033708,Hackney 027G,Violence and sexual offences,Awaiting court outcome,
5708d990de7606038decca6180dd1a13b119fef63176120dad633a8f4efbf53c,2021-08,City of London Police,City of London Police,-0.087352,51.537546,On or near Shepperton Road,E01002721,Islington 014C,Violence and sexual offences,Status update unavailable,
e037ab3dd43b2b11006b3c6a2bb57bbe46459532751d29870a880a18f92e0125,2021-08,City of London Police,City of London Police,-0.107382,51.522233,On or near Clerkenwell Road,E01002724,Islington 022D,Drugs,Awaiting court outcome,
56f8d8e5df907bcf074651b1f7442b6296b78f9e6480ff8f4d4e8d3341c5cef3,2021-08,City of London Police,City of London Police,-0.103597,51.519312,On or near Nightclub,E01002724,Islington 022D,Possession of weapons,Awaiting court outcome,
412e4311594e20d8f671a44e4961b63564c912fc098f56b2aba55842fd6ad918,2021-08,City of London Police,City of London Police,-0.107382,51.522233,On or near Clerkenwell Road,E01002724,Islington 022D,Other crime,Awaiting court outcome,
,2021-08,City of London Police,City of London Police,-0.097210,51.523156,On or near Baltic Street West,E01033490,Islington 022H,Anti-social behaviour,,
,2021-08,City of London Police,City of London Police,-0.097210,51.523156,On or near Baltic Street West,E01033490,Islington 022H,Anti-social behaviour,,
,2021-08,City of London Police,City of London Police,-0.097210,51.523156,On or near Baltic Street West,E01033490,Islington 022H,Anti-social behaviour,,
6ca9ceb6930d00636ae6880e4ac6c87359f7113566055f3404a4e92b9e56690f,2021-08,City of London Police,City of London Police,-0.097210,51.523156,On or near Baltic Street West,E01033490,Islington 022H,Burglary,Investigation complete; no suspect identified,
aa115ffcf84ccab64cc1b0997740c72ebb7c08bc599bf017a4152f7a045a74a4,2021-08,City of London Police,City of London Police,-0.098342,51.523310,On or near The Highway,E01033490,Islington 022H,Drugs,Status update unavailable,
8fa5e08f36e97124ef5dc70cf5fae794fd123c370e93f0f9d1b405b072d8e491,2021-08,City of London Police,City of London Police,-0.087486,51.519896,On or near Finsbury Pavement,E01002704,Islington 023D,Other theft,Status update unavailable,
d8c4cc9f661bf0ef05a4de4e96a1467e4c7e2b17b6da01b0d3b9e4d63644a9a2,2021-08,City of London Police,City of London Police,-0.091732,51.521080,On or near Nightclub,E01002704,Islington 023D,Theft from the person,Investigation complete; no suspect identified,
,2021-08,City of London Police,City of London Police,-0.094959,51.522868,On or near Golden Lane,E01002706,Islington 023E,Anti-social behaviour,,
f207d754d331ee0bc0fda6247a4ec76eb8f94861ee0227f21ccee163812db985,2021-08,City of London Police,City of London Police,-0.002028,51.541870,On or near Meridian Square,E01033583,Newham 013G,Theft from the person,Status update unavailable,
e9905c42123e8dc842071f24566e011e3d96656a5dd52d687263b0687bd95f34,2021-08,City of London Police,City of London Police,-0.002028,51.541870,On or near Meridian Square,E01033583,Newham 013G,Other crime,Status update unavailable,
73ff061a6ab1987df902db929c535d06a4881350d3d566940c30773347a0e11a,2021-08,City of London Police,City of London Police,-0.046604,51.503800,On or near Smith Close,E01004053,Southwark 001C,Violence and sexual offences,Status update unavailable,
d741186bdffa4c7101a209b8e5c5c5e0fda26c834fca2d7eaef3d71d31c5a3fe,2021-08,City of London Police,City of London Police,-0.075991,51.518017,On or near Tenter Ground,E01004307,Tower Hamlets 015B,Drugs,Status update unavailable,
864436a2c98fcbf1e4476320641053f6dc8208cc6acea1f79cd30473ed75eb46,2021-08,City of London Police,City of London Police,-0.077601,51.518799,On or near Steward Street,E01004307,Tower Hamlets 015B,Other theft,Investigation complete; no suspect identified,
8bd322069407cafdfbc30f5a36aac94e9380abb8dd4fbfbbf1e64e79e7fc0563,2021-08,City of London Police,City of London Police,-0.077601,51.518799,On or near Steward Street,E01004307,Tower Hamlets 015B,Other theft,Investigation complete; no suspect identified,
0723d09f4cb49d5fecf4db1403181da29665019fe36627592a26f1f1575419f7,2021-08,City of London Police,City of London Police,-0.079080,51.519615,On or near Bishopsgate,E01004307,Tower Hamlets 015B,Theft from the person,Investigation complete; no suspect identified,
d905d823182c4c38b8a331297f83774c6c1743deae106982c5a152dab05c5187,2021-08,City of London Police,City of London Police,-0.075556,51.520474,On or near Wheeler Lane,E01004307,Tower Hamlets 015B,Violence and sexual offences,Status update unavailable,
3c703861cb2979ebce6ac5a1b7e74f6c75eeaa52507594ecf84c8f8783c79d68,2021-08,City of London Police,City of London Police,-0.070201,51.514505,On or near Plough Street,E01032766,Tower Hamlets 021E,Theft from the person,Status update unavailable,
1284bdebaec3710f3d1118afc4f932a3cdb70adc3ba33a9126769846e489ac42,2021-08,City of London Police,City of London Police,-0.073849,51.514457,On or near Pedestrian Subway,E01032767,Tower Hamlets 021F,Burglary,Investigation complete; no suspect identified,
,2021-08,City of London Police,City of London Police,-0.074901,51.506255,On or near A100,E01004293,Tower Hamlets 027B,Anti-social behaviour,,
b3cb83fb581f404abd1a6d975697e18a67df58a0a209430dc3ac1deab6c01d88,2021-08,City of London Police,City of London Police,-0.074901,51.506255,On or near A100,E01004293,Tower Hamlets 027B,Drugs,Formal action is not in the public interest,
a3f5167b1fb70ac12422e9e62bec2e01afcb89d8db442df816f343df2c4ab724,2021-08,City of London Police,City of London Police,-0.074901,51.506255,On or near A100,E01004293,Tower Hamlets 027B,Public order,Status update unavailable,
3e8baa336287e9055b143237c6ab9a5483685d18a8628a790e6e56146c5b2140,2021-08,City of London Police,City of London Police,-0.074901,51.506255,On or near A100,E01004293,Tower Hamlets 027B,Violence and sexual offences,Status update unavailable,
c636193492fe2e8ef684a3dffdf72e97eb9ef8b68da8f9e6e8c9d424e682bd11,2021-08,City of London Police,City of London Police,-0.121813,51.507133,On or near Victoria Embankment,E01004733,Westminster 020C,Drugs,Offender given a drugs possession warning,
,2021-08,City of London Police,City of London Police,,,No Location,,,Anti-social behaviour,,
,2021-08,City of London Police,City of London Police,,,No Location,,,Anti-social behaviour,,
,2021-08,City of London Police,City of London Police,,,No Location,,,Anti-social behaviour,,
,2021-08,City of London Police,City of London Police,,,No Location,,,Anti-social behaviour,,
,2021-08,City of London Police,City of London Police,,,No Location,,,Anti-social behaviour,,
,2021-08,City of London Police,City of London Police,,,No Location,,,Anti-social behaviour,,
,2021-08,City of London Police,City of London Police,,,No Location,,,Anti-social behaviour,,
,2021-08,City of London Police,City of London Police,,,No Location,,,Anti-social behaviour,,
18f73cbf9d20c72941544add4bbb91153735c6c540039a91d378655e6f6e3444,2021-08,City of London Police,City of London Police,,,No Location,,,Burglary,Unable to prosecute suspect,
49dbe54630ec1509fcbb3b194f5167c9b83b7e492be638c03532b29e3ca92202,2021-08,City of London Police,City of London Police,,,No Location,,,Criminal damage and arson,Status update unavailable,
97fe10e0bd6c4a166a37902101ecfb6aa60f7c2f219f0bc73d89e77e1738730b,2021-08,City of London Police,City of London Police,,,No Location,,,Criminal damage and arson,Status update unavailable,
05cbfe14132b2e441622a908879dc38f15683911600096e62851d314490a53ac,2021-08,City of London Police,City of London Police,,,No Location,,,Criminal damage and arson,Investigation complete; no suspect identified,
88fedc31c2268c7ea028d5389cf7b3f36db53dd126a86a9f73dfdacdd40148b8,2021-08,City of London Police,City of London Police,,,No Location,,,Criminal damage and arson,Investigation complete; no suspect identified,
b3cb83fb581f404abd1a6d975697e18a67df58a0a209430dc3ac1deab6c01d88,2021-08,City of London Police,City of London Police,,,No Location,,,Drugs,Status update unavailable,
c75215cb8f043b7aceaca1d569dc6d6592a34c78458f62b5547420d2f38847c6,2021-08,City of London Police,City of London Police,,,No Location,,,Drugs,Awaiting court outcome,
906bb674ecba8bc2edc2f1e8fa3974369b4b1d320320054b49a15c25b84f0fee,2021-08,City of London Police,City of London Police,,,No Location,,,Drugs,Status update unavailable,
75e0a2081f9af0d504e367028852434f779446eff4b498b14db623226faef898,2021-08,City of London Police,City of London Police,,,No Location,,,Drugs,Awaiting court outcome,
d917650eb556de886f33938494ed9953c67e939fb7f53933e43e6f75c0d87ee5,2021-08,City of London Police,City of London Police,,,No Location,,,Drugs,Awaiting court outcome,
2bc1bbcc30f9be9dcdc3fa03671db4e30e29276057c8476e570c18e3969e0de8,2021-08,City of London Police,City of London Police,,,No Location,,,Drugs,Status update unavailable,
f3e0a8fa8eb805a560c37530c97633ffa8965c68f61cea608e36e2c68b0a0d71,2021-08,City of London Police,City of London Police,,,No Location,,,Other theft,Status update unavailable,
bf162d33d29ac8880ff2ad8cf5bbd21691fb8e04c8534cb4c38fd724070ad6ee,2021-08,City of London Police,City of London Police,,,No Location,,,Other theft,Investigation complete; no suspect identified,
893b0b8bc5f93e4c4b83ac8a55ff43f44af0c7c0482495c8f89febc7889a84ca,2021-08,City of London Police,City of London Police,,,No Location,,,Other theft,Investigation complete; no suspect identified,
2f99f67d670169183007135b48c74b0ee8b17958fafeadd1c0cf97ded8afdab6,2021-08,City of London Police,City of London Police,,,No Location,,,Possession of weapons,Awaiting court outcome,
fccb1e7a82ba3db23f999c924245ac01e4f1cd6eb2a2ea726f9b109a5b868381,2021-08,City of London Police,City of London Police,,,No Location,,,Public order,Status update unavailable,
a65ccb7e74831cf60bb7febe5e3ccf866223ae0aa1542da586bfdad8ed72f90f,2021-08,City of London Police,City of London Police,,,No Location,,,Public order,Status update unavailable,
cfb81f75ea004ee5bcf47337387878b3b44f9dd54da54337347c7b9fd501e0bf,2021-08,City of London Police,City of London Police,,,No Location,,,Public order,Investigation complete; no suspect identified,
f9924689764de318b247198b9717c6ad9c1f197599550f0b133835be973e7b75,2021-08,City of London Police,City of London Police,,,No Location,,,Shoplifting,Unable to prosecute suspect,
a9e54d5b534bfc5642ebd91796446d204046cb487880a13d801031c26ca14035,2021-08,City of London Police,City of London Police,,,No Location,,,Shoplifting,Investigation complete; no suspect identified,
e9fac6197f4440f9307d6c09fbb721a3a72916943d24d4c4e446b05016a92723,2021-08,City of London Police,City of London Police,,,No Location,,,Shoplifting,Investigation complete; no suspect identified,
dcc048ce81279854defc32739d8d434ee8b52a79732ec0ce749e91a5c881ea5c,2021-08,City of London Police,City of London Police,,,No Location,,,Shoplifting,Status update unavailable,
98ea798127dd396ceaa8d5ee45c8bb9b7ab9ffb83e2add0551607e3f1073dfb8,2021-08,City of London Police,City of London Police,,,No Location,,,Shoplifting,Unable to prosecute suspect,
2ea6fda2d249576685364a1aae9b0c09db0a6490cd8ffcb23a331db014654810,2021-08,City of London Police,City of London Police,,,No Location,,,Theft from the person,Investigation complete; no suspect identified,
ad270f9e801cb966c6aa5486119d2d937f14731ed3abdfcac6e6523a7df7fafa,2021-08,City of London Police,City of London Police,,,No Location,,,Theft from the person,Investigation complete; no suspect identified,
f138bdfe12eb73c74d4f00339e40cc3c56440e767f000dd1a8177a924c85ee5e,2021-08,City of London Police,City of London Police,,,No Location,,,Theft from the person,Investigation complete; no suspect identified,
e3338fad5648aba044860b88b4774f9d2ccbf936484e2076def98c36fa1a7bb4,2021-08,City of London Police,City of London Police,,,No Location,,,Theft from the person,Investigation complete; no suspect identified,
7c14ea0ce4fe272709a891e7f265632a520fd2487c3fdadcffd4e3f341d236d8,2021-08,City of London Police,City of London Police,,,No Location,,,Vehicle crime,Investigation complete; no suspect identified,
a85b087a36f7ec0a327a261b36925c49178eab96533187bcedc33972d09cf137,2021-08,City of London Police,City of London Police,,,No Location,,,Violence and sexual offences,Status update unavailable,
b5fad0b54dfe31061c1ca5d39f7732572036d26df07c41d6b8f32c23fef8b0e4,2021-08,City of London Police,City of London Police,,,No Location,,,Violence and sexual offences,Action to be taken by another organisation,
a25710a5444bc215a58486a0ecf93de9c41cf94ec376eb93c660f67663f13907,2021-08,City of London Police,City of London Police,,,No Location,,,Violence and sexual offences,Status update unavailable,
b60088dd1294fe164e0378774ef8f0c976c0f42e82c199e2c383d1a9c016d49d,2021-08,City of London Police,City of London Police,,,No Location,,,Violence and sexual offences,Status update unavailable,
3a6e712cd28d80876a2575c1211a104d09b69c5bb5eeeb2da2cc386b90b755c0,2021-08,City of London Police,City of London Police,,,No Location,,,Violence and sexual offences,Unable to prosecute suspect,
603308a1d04919bc8be61a04eb29f005d352e635366f8ba0e1b86222b27deec4,2021-08,City of London Police,City of London Police,,,No Location,,,Violence and sexual offences,Unable to prosecute suspect,
c5b22ddc1f90e9a6150e74d900febd9476ba368df1f3e06f63197761690366d4,2021-08,City of London Police,City of London Police,,,No Location,,,Violence and sexual offences,Unable to prosecute suspect,
d2f1d8ddad10378ce3ca62ac0998f79ebbde583bb4d8f90ffee47e8e9f18e5a3,2021-08,City of London Police,City of London Police,,,No Location,,,Violence and sexual offences,Status update unavailable,
76a75d2fb1a081ca04c6868277a9d2ef705af30077dedcca126cf5248b189a11,2021-08,City of London Police,City of London Police,,,No Location,,,Violence and sexual offences,Investigation complete; no suspect identified,
d617b75b088fd57dcc386b38880ebe52a72d0d5310cc8cacd1911a4263172c13,2021-08,City of London Police,City of London Police,,,No Location,,,Violence and sexual offences,Unable to prosecute suspect,
27ca1ff66673a4d6cae41e7e28ec0b633081e1ea2523d41543363b34cc8617af,2021-08,City of London Police,City of London Police,,,No Location,,,Violence and sexual offences,Status update unavailable,
413aa4f9ba788f6182071ff6ab84bbcf221694827eed5ee324f9b594e5459fd0,2021-08,City of London Police,City of London Police,,,No Location,,,Other crime,Status update unavailable,
953b5e970d56d84de06bb8035f9dd70896083d5554f7c0ae58a90318bdd7cb76,2021-08,City of London Police,City of London Police,,,No Location,,,Other crime,Status update unavailable,
e6eab5e95675c02f2ed9b47cd077320547063958004e1c56c92c38b297e46ed0,2021-08,City of London Police,City of London Police,,,No Location,,,Other crime,Status update unavailable,
a32df159fc1fbae66ccc4fc55608e961e762f4a89a4cf0f2ea9152c8fbde8840,2021-08,City of London Police,City of London Police,,,No Location,,,Other crime,Formal action is not in the public interest,
ccf4fa02aef92f9f9cd8a545292529d1269e6f0e67118722f82b3d83b50d013c,2021-08,City of London Police,City of London Police,,,No Location,,,Other crime,Status update unavailable,
9dd87419a0f9521bcbb9b1d0722739373899032f0bc532ed24de0221258a4fb3,2021-08,City of London Police,City of London Police,,,No Location,,,Other crime,Status update unavailable,
a439bde82e57424625dbd5a692f44be1014aa9ad9286513db5f287d762e37872,2021-08,City of London Police,City of London Police,,,No Location,,,Other crime,Status update unavailable,
